Jul 05, 2019  10:11:18 PM
Residual Gas Analyzer Software 
Software Version, 3.218.004

Analog Scan Setup:

Data Points in Scan, 991 
Units, Torr 
Noise Floor, 2 
CEM Status, OFF 
Points Per AMU, 10
Scan Start Mass, 1, amu 
Scan Stop Mass, 100, amu
Focus Voltage, 90, Volts 
Ion Energy, HIGH 
Electron Energy, 70, eV 
CEM Voltage, 1000, Volts
CEM Gain, 1.00E+006 
Sensitivity Factor, 8.30E-005 
Filament Current, 1.00, mAmps


  1.00,  -4.17E-010, 
  1.10,  -1.31E-010, 
  1.20,   4.76E-009, 
  1.30,   5.52E-008, 
  1.40,   3.63E-008, 
  1.50,   1.68E-008, 
  1.60,   2.03E-008, 
  1.70,   3.48E-008, 
  1.80,   5.62E-008, 
  1.90,   7.78E-008, 
  2.00,   9.32E-008, 
  2.10,   9.73E-008, 
  2.20,   9.20E-008, 
  2.30,   6.60E-008, 
  2.40,   2.78E-008, 
  2.50,   1.12E-008, 
  2.60,   5.91E-009, 
  2.70,   3.37E-009, 
  2.80,   1.90E-009, 
  2.90,   1.29E-009, 
  3.00,   7.95E-010, 
  3.10,   6.58E-010, 
  3.20,   4.11E-010, 
  3.30,   6.51E-011, 
  3.40,  -4.94E-011, 
  3.50,  -9.64E-011, 
  3.60,  -3.57E-010, 
  3.70,  -5.29E-010, 
  3.80,  -2.81E-010, 
  3.90,  -3.87E-010, 
  4.00,  -4.88E-010, 
  4.10,  -5.42E-010, 
  4.20,  -6.81E-010, 
  4.30,  -7.02E-010, 
  4.40,  -5.88E-010, 
  4.50,  -6.11E-010, 
  4.60,  -7.08E-010, 
  4.70,  -7.01E-010, 
  4.80,  -7.96E-010, 
  4.90,  -6.81E-010, 
  5.00,  -5.80E-010, 
  5.10,  -6.17E-010, 
  5.20,  -5.45E-010, 
  5.30,  -5.37E-010, 
  5.40,  -6.16E-010, 
  5.50,  -8.16E-010, 
  5.60,  -8.69E-010, 
  5.70,  -8.95E-010, 
  5.80,  -7.81E-010, 
  5.90,  -8.45E-010, 
  6.00,  -8.22E-010, 
  6.10,  -8.05E-010, 
  6.20,  -8.72E-010, 
  6.30,  -7.90E-010, 
  6.40,  -8.94E-010, 
  6.50,  -9.13E-010, 
  6.60,  -9.55E-010, 
  6.70,  -1.00E-009, 
  6.80,  -8.23E-010, 
  6.90,  -9.78E-010, 
  7.00,  -9.89E-010, 
  7.10,  -9.36E-010, 
  7.20,  -7.75E-010, 
  7.30,  -7.76E-010, 
  7.40,  -7.90E-010, 
  7.50,  -9.65E-010, 
  7.60,  -9.72E-010, 
  7.70,  -8.22E-010, 
  7.80,  -7.80E-010, 
  7.90,  -7.96E-010, 
  8.00,  -5.94E-010, 
  8.10,  -6.66E-010, 
  8.20,  -7.43E-010, 
  8.30,  -8.93E-010, 
  8.40,  -8.77E-010, 
  8.50,  -8.33E-010, 
  8.60,  -8.94E-010, 
  8.70,  -8.73E-010, 
  8.80,  -9.25E-010, 
  8.90,  -9.35E-010, 
  9.00,  -8.12E-010, 
  9.10,  -1.00E-009, 
  9.20,  -8.02E-010, 
  9.30,  -7.40E-010, 
  9.40,  -8.35E-010, 
  9.50,  -6.83E-010, 
  9.60,  -7.36E-010, 
  9.70,  -9.77E-010, 
  9.80,  -9.14E-010, 
  9.90,  -8.82E-010, 
 10.00,  -9.37E-010, 
 10.10,  -9.02E-010, 
 10.20,  -8.88E-010, 
 10.30,  -1.07E-009, 
 10.40,  -1.03E-009, 
 10.50,  -8.65E-010, 
 10.60,  -1.08E-009, 
 10.70,  -8.66E-010, 
 10.80,  -8.05E-010, 
 10.90,  -9.17E-010, 
 11.00,  -8.29E-010, 
 11.10,  -8.80E-010, 
 11.20,  -9.49E-010, 
 11.30,  -7.78E-010, 
 11.40,  -7.49E-010, 
 11.50,  -8.46E-010, 
 11.60,  -4.24E-010, 
 11.70,   1.20E-010, 
 11.80,   7.16E-010, 
 11.90,   1.55E-009, 
 12.00,   2.22E-009, 
 12.10,   2.44E-009, 
 12.20,   2.11E-009, 
 12.30,   1.11E-009, 
 12.40,   3.61E-012, 
 12.50,  -3.18E-010, 
 12.60,  -5.37E-010, 
 12.70,  -7.20E-010, 
 12.80,  -6.06E-010, 
 12.90,  -5.90E-010, 
 13.00,  -4.59E-010, 
 13.10,  -4.10E-010, 
 13.20,  -4.89E-010, 
 13.30,  -4.94E-010, 
 13.40,   1.17E-010, 
 13.50,   3.65E-009, 
 13.60,   2.05E-008, 
 13.70,   4.33E-008, 
 13.80,   6.26E-008, 
 13.90,   8.02E-008, 
 14.00,   9.48E-008, 
 14.10,   9.22E-008, 
 14.20,   6.75E-008, 
 14.30,   2.34E-008, 
 14.40,   9.76E-009, 
 14.50,   5.11E-009, 
 14.60,   3.43E-009, 
 14.70,   2.79E-009, 
 14.80,   2.44E-009, 
 14.90,   2.67E-009, 
 15.00,   2.86E-009, 
 15.10,   2.83E-009, 
 15.20,   2.70E-009, 
 15.30,   1.90E-009, 
 15.40,   1.85E-009, 
 15.50,   7.40E-009, 
 15.60,   3.03E-008, 
 15.70,   5.75E-008, 
 15.80,   7.90E-008, 
 15.90,   9.98E-008, 
 16.00,   1.15E-007, 
 16.10,   1.09E-007, 
 16.20,   7.39E-008, 
 16.30,   2.40E-008, 
 16.40,   1.46E-008, 
 16.50,   3.73E-008, 
 16.60,   1.64E-007, 
 16.70,   2.69E-007, 
 16.80,   3.43E-007, 
 16.90,   4.09E-007, 
 17.00,   4.55E-007, 
 17.10,   4.30E-007, 
 17.20,   2.52E-007, 
 17.30,   4.35E-008, 
 17.40,   3.55E-008, 
 17.50,   2.23E-007, 
 17.60,   7.49E-007, 
 17.70,   1.09E-006, 
 17.80,   1.36E-006, 
 17.90,   1.62E-006, 
 18.00,   1.82E-006, 
 18.10,   1.74E-006, 
 18.20,   8.63E-007, 
 18.30,   5.47E-008, 
 18.40,   1.82E-008, 
 18.50,   9.97E-009, 
 18.60,   7.36E-009, 
 18.70,   6.24E-009, 
 18.80,   6.13E-009, 
 18.90,   6.20E-009, 
 19.00,   6.10E-009, 
 19.10,   6.30E-009, 
 19.20,   5.62E-009, 
 19.30,   3.46E-009, 
 19.40,   2.07E-009, 
 19.50,   1.82E-009, 
 19.60,   2.36E-009, 
 19.70,   3.24E-009, 
 19.80,   4.55E-009, 
 19.90,   5.41E-009, 
 20.00,   6.60E-009, 
 20.10,   7.36E-009, 
 20.20,   6.18E-009, 
 20.30,   3.44E-009, 
 20.40,   1.98E-009, 
 20.50,   1.15E-009, 
 20.60,   5.72E-010, 
 20.70,   3.98E-010, 
 20.80,   7.11E-011, 
 20.90,   3.01E-011, 
 21.00,  -6.63E-011, 
 21.10,  -2.60E-010, 
 21.20,  -3.10E-010, 
 21.30,  -2.71E-010, 
 21.40,  -4.80E-010, 
 21.50,  -4.33E-010, 
 21.60,  -5.42E-010, 
 21.70,  -5.42E-010, 
 21.80,  -3.11E-010, 
 21.90,  -3.00E-010, 
 22.00,  -3.12E-010, 
 22.10,  -1.65E-010, 
 22.20,  -1.83E-010, 
 22.30,  -3.37E-010, 
 22.40,  -4.01E-010, 
 22.50,  -5.18E-010, 
 22.60,  -6.86E-010, 
 22.70,  -6.43E-010, 
 22.80,  -5.14E-010, 
 22.90,  -5.33E-010, 
 23.00,  -4.12E-010, 
 23.10,  -4.82E-010, 
 23.20,  -7.04E-010, 
 23.30,  -5.76E-010, 
 23.40,  -4.04E-010, 
 23.50,  -5.84E-010, 
 23.60,  -4.80E-010, 
 23.70,  -2.87E-010, 
 23.80,  -6.10E-010, 
 23.90,  -6.24E-010, 
 24.00,  -5.47E-010, 
 24.10,  -6.59E-010, 
 24.20,  -7.02E-010, 
 24.30,  -5.43E-010, 
 24.40,  -6.47E-010, 
 24.50,  -5.88E-010, 
 24.60,  -6.00E-010, 
 24.70,  -6.81E-010, 
 24.80,  -6.82E-010, 
 24.90,  -7.01E-010, 
 25.00,  -6.71E-010, 
 25.10,  -5.52E-010, 
 25.20,  -6.14E-010, 
 25.30,  -8.27E-010, 
 25.40,  -7.42E-010, 
 25.50,  -7.29E-010, 
 25.60,  -6.34E-010, 
 25.70,  -4.11E-010, 
 25.80,  -1.05E-010, 
 25.90,  -1.87E-010, 
 26.00,  -2.61E-010, 
 26.10,  -1.43E-010, 
 26.20,  -4.27E-010, 
 26.30,  -4.99E-010, 
 26.40,  -5.93E-010, 
 26.50,  -8.52E-010, 
 26.60,  -4.54E-010, 
 26.70,  -2.17E-010, 
 26.80,  -2.01E-010, 
 26.90,   3.45E-010, 
 27.00,   1.41E-009, 
 27.10,   2.76E-009, 
 27.20,   5.89E-009, 
 27.30,   1.36E-008, 
 27.40,   4.19E-008, 
 27.50,   3.87E-007, 
 27.60,   6.87E-007, 
 27.70,   1.03E-006, 
 27.80,   1.10E-006, 
 27.90,   1.18E-006, 
 28.00,   1.31E-006, 
 28.10,   1.27E-006, 
 28.20,   3.24E-007, 
 28.30,   3.51E-008, 
 28.40,   1.49E-008, 
 28.50,   1.00E-008, 
 28.60,   9.02E-009, 
 28.70,   1.02E-008, 
 28.80,   1.15E-008, 
 28.90,   1.21E-008, 
 29.00,   1.26E-008, 
 29.10,   1.33E-008, 
 29.20,   9.58E-009, 
 29.30,   4.89E-009, 
 29.40,   2.96E-009, 
 29.50,   2.26E-009, 
 29.60,   2.15E-009, 
 29.70,   2.27E-009, 
 29.80,   2.38E-009, 
 29.90,   2.55E-009, 
 30.00,   2.65E-009, 
 30.10,   2.62E-009, 
 30.20,   2.14E-009, 
 30.30,   1.28E-009, 
 30.40,   4.95E-010, 
 30.50,   1.76E-010, 
 30.60,   3.73E-011, 
 30.70,   7.23E-012, 
 30.80,   1.40E-010, 
 30.90,   3.73E-010, 
 31.00,   8.12E-010, 
 31.10,   1.58E-009, 
 31.20,   3.27E-009, 
 31.30,   6.74E-009, 
 31.40,   2.13E-008, 
 31.50,   1.50E-007, 
 31.60,   2.96E-007, 
 31.70,   4.48E-007, 
 31.80,   4.87E-007, 
 31.90,   4.99E-007, 
 32.00,   5.24E-007, 
 32.10,   4.36E-007, 
 32.20,   9.36E-008, 
 32.30,   2.20E-008, 
 32.40,   1.06E-008, 
 32.50,   5.98E-009, 
 32.60,   4.01E-009, 
 32.70,   3.00E-009, 
 32.80,   2.23E-009, 
 32.90,   1.73E-009, 
 33.00,   1.60E-009, 
 33.10,   1.26E-009, 
 33.20,   7.86E-010, 
 33.30,   4.59E-010, 
 33.40,   2.72E-010, 
 33.50,   1.82E-010, 
 33.60,   5.58E-010, 
 33.70,   1.01E-009, 
 33.80,   1.26E-009, 
 33.90,   1.53E-009, 
 34.00,   1.60E-009, 
 34.10,   1.41E-009, 
 34.20,   9.02E-010, 
 34.30,   1.80E-010, 
 34.40,  -8.07E-011, 
 34.50,  -1.47E-010, 
 34.60,  -2.76E-010, 
 34.70,  -2.07E-010, 
 34.80,  -1.83E-010, 
 34.90,  -2.95E-010, 
 35.00,  -4.25E-010, 
 35.10,  -4.06E-010, 
 35.20,  -5.27E-010, 
 35.30,  -8.34E-010, 
 35.40,  -8.12E-010, 
 35.50,  -8.13E-010, 
 35.60,  -8.95E-010, 
 35.70,  -7.24E-010, 
 35.80,  -6.35E-010, 
 35.90,  -5.27E-010, 
 36.00,  -3.47E-010, 
 36.10,  -6.58E-010, 
 36.20,  -6.29E-010, 
 36.30,  -5.80E-010, 
 36.40,  -7.16E-010, 
 36.50,  -8.73E-010, 
 36.60,  -7.78E-010, 
 36.70,  -8.52E-010, 
 36.80,  -8.77E-010, 
 36.90,  -6.75E-010, 
 37.00,  -7.84E-010, 
 37.10,  -7.90E-010, 
 37.20,  -6.75E-010, 
 37.30,  -7.58E-010, 
 37.40,  -8.70E-010, 
 37.50,  -6.86E-010, 
 37.60,  -7.43E-010, 
 37.70,  -8.34E-010, 
 37.80,  -7.53E-010, 
 37.90,  -8.94E-010, 
 38.00,  -9.49E-010, 
 38.10,  -7.57E-010, 
 38.20,  -8.60E-010, 
 38.30,  -7.83E-010, 
 38.40,  -7.13E-010, 
 38.50,  -8.88E-010, 
 38.60,  -8.72E-010, 
 38.70,  -5.66E-010, 
 38.80,  -6.54E-010, 
 38.90,  -5.88E-010, 
 39.00,  -4.63E-010, 
 39.10,  -4.41E-010, 
 39.20,  -4.14E-010, 
 39.30,  -2.55E-010, 
 39.40,   9.67E-010, 
 39.50,   5.16E-009, 
 39.60,   1.21E-008, 
 39.70,   2.08E-008, 
 39.80,   2.88E-008, 
 39.90,   3.47E-008, 
 40.00,   3.59E-008, 
 40.10,   2.84E-008, 
 40.20,   1.32E-008, 
 40.30,   5.72E-009, 
 40.40,   2.99E-009, 
 40.50,   1.72E-009, 
 40.60,   6.86E-010, 
 40.70,   3.47E-010, 
 40.80,   1.48E-010, 
 40.90,  -1.81E-011, 
 41.00,  -2.05E-011, 
 41.10,   1.20E-010, 
 41.20,   3.13E-011, 
 41.30,  -3.87E-010, 
 41.40,  -5.14E-010, 
 41.50,  -5.47E-010, 
 41.60,  -3.71E-010, 
 41.70,  -3.70E-010, 
 41.80,  -4.00E-010, 
 41.90,  -4.11E-010, 
 42.00,  -1.75E-010, 
 42.10,  -1.89E-010, 
 42.20,  -3.41E-010, 
 42.30,  -5.51E-010, 
 42.40,  -7.25E-010, 
 42.50,  -6.25E-010, 
 42.60,  -3.20E-010, 
 42.70,  -3.86E-011, 
 42.80,   2.65E-010, 
 42.90,   6.46E-010, 
 43.00,   7.71E-010, 
 43.10,   8.73E-010, 
 43.20,   6.70E-010, 
 43.30,   4.43E-010, 
 43.40,   1.34E-009, 
 43.50,   4.43E-009, 
 43.60,   9.26E-009, 
 43.70,   1.56E-008, 
 43.80,   2.26E-008, 
 43.90,   2.80E-008, 
 44.00,   3.02E-008, 
 44.10,   2.62E-008, 
 44.20,   1.31E-008, 
 44.30,   5.86E-009, 
 44.40,   3.03E-009, 
 44.50,   1.62E-009, 
 44.60,   8.80E-010, 
 44.70,   8.95E-010, 
 44.80,   7.71E-010, 
 44.90,   8.05E-010, 
 45.00,   8.36E-010, 
 45.10,   7.33E-010, 
 45.20,   3.22E-010, 
 45.30,  -1.58E-010, 
 45.40,  -4.16E-010, 
 45.50,  -5.82E-010, 
 45.60,  -4.57E-010, 
 45.70,  -6.52E-010, 
 45.80,  -6.42E-010, 
 45.90,  -5.78E-010, 
 46.00,  -6.72E-010, 
 46.10,  -6.39E-010, 
 46.20,  -6.77E-010, 
 46.30,  -8.73E-010, 
 46.40,  -6.76E-010, 
 46.50,  -5.64E-010, 
 46.60,  -6.27E-010, 
 46.70,  -7.01E-010, 
 46.80,  -6.83E-010, 
 46.90,  -8.16E-010, 
 47.00,  -8.98E-010, 
 47.10,  -7.75E-010, 
 47.20,  -8.51E-010, 
 47.30,  -1.01E-009, 
 47.40,  -9.10E-010, 
 47.50,  -7.89E-010, 
 47.60,  -9.82E-010, 
 47.70,  -8.29E-010, 
 47.80,  -9.33E-010, 
 47.90,  -9.86E-010, 
 48.00,  -1.07E-009, 
 48.10,  -1.00E-009, 
 48.20,  -9.33E-010, 
 48.30,  -8.95E-010, 
 48.40,  -9.61E-010, 
 48.50,  -9.57E-010, 
 48.60,  -8.76E-010, 
 48.70,  -1.02E-009, 
 48.80,  -1.29E-009, 
 48.90,  -1.13E-009, 
 49.00,  -1.22E-009, 
 49.10,  -1.24E-009, 
 49.20,  -1.02E-009, 
 49.30,  -9.99E-010, 
 49.40,  -1.04E-009, 
 49.50,  -7.76E-010, 
 49.60,  -1.01E-009, 
 49.70,  -1.04E-009, 
 49.80,  -1.07E-009, 
 49.90,  -1.02E-009, 
 50.00,  -1.08E-009, 
 50.10,  -9.95E-010, 
 50.20,  -1.05E-009, 
 50.30,  -1.10E-009, 
 50.40,  -9.59E-010, 
 50.50,  -1.03E-009, 
 50.60,  -1.10E-009, 
 50.70,  -9.10E-010, 
 50.80,  -1.00E-009, 
 50.90,  -9.66E-010, 
 51.00,  -9.75E-010, 
 51.10,  -9.23E-010, 
 51.20,  -1.10E-009, 
 51.30,  -9.14E-010, 
 51.40,  -9.53E-010, 
 51.50,  -8.73E-010, 
 51.60,  -8.88E-010, 
 51.70,  -9.35E-010, 
 51.80,  -9.60E-010, 
 51.90,  -8.07E-010, 
 52.00,  -9.28E-010, 
 52.10,  -8.81E-010, 
 52.20,  -8.12E-010, 
 52.30,  -9.84E-010, 
 52.40,  -9.86E-010, 
 52.50,  -7.84E-010, 
 52.60,  -9.55E-010, 
 52.70,  -1.14E-009, 
 52.80,  -8.37E-010, 
 52.90,  -9.20E-010, 
 53.00,  -1.11E-009, 
 53.10,  -1.05E-009, 
 53.20,  -1.17E-009, 
 53.30,  -1.13E-009, 
 53.40,  -9.29E-010, 
 53.50,  -8.86E-010, 
 53.60,  -9.40E-010, 
 53.70,  -8.77E-010, 
 53.80,  -1.04E-009, 
 53.90,  -1.14E-009, 
 54.00,  -1.10E-009, 
 54.10,  -1.22E-009, 
 54.20,  -1.04E-009, 
 54.30,  -8.43E-010, 
 54.40,  -9.52E-010, 
 54.50,  -1.01E-009, 
 54.60,  -8.61E-010, 
 54.70,  -8.60E-010, 
 54.80,  -8.77E-010, 
 54.90,  -9.52E-010, 
 55.00,  -9.80E-010, 
 55.10,  -1.05E-009, 
 55.20,  -9.51E-010, 
 55.30,  -1.02E-009, 
 55.40,  -1.11E-009, 
 55.50,  -9.82E-010, 
 55.60,  -9.80E-010, 
 55.70,  -1.17E-009, 
 55.80,  -1.14E-009, 
 55.90,  -1.10E-009, 
 56.00,  -1.13E-009, 
 56.10,  -1.08E-009, 
 56.20,  -1.04E-009, 
 56.30,  -1.04E-009, 
 56.40,  -1.17E-009, 
 56.50,  -1.05E-009, 
 56.60,  -9.42E-010, 
 56.70,  -1.01E-009, 
 56.80,  -1.05E-009, 
 56.90,  -1.09E-009, 
 57.00,  -1.03E-009, 
 57.10,  -9.88E-010, 
 57.20,  -9.98E-010, 
 57.30,  -8.96E-010, 
 57.40,  -1.08E-009, 
 57.50,  -1.16E-009, 
 57.60,  -1.16E-009, 
 57.70,  -1.02E-009, 
 57.80,  -1.12E-009, 
 57.90,  -9.57E-010, 
 58.00,  -1.15E-009, 
 58.10,  -1.00E-009, 
 58.20,  -9.53E-010, 
 58.30,  -1.05E-009, 
 58.40,  -1.01E-009, 
 58.50,  -1.01E-009, 
 58.60,  -1.06E-009, 
 58.70,  -1.05E-009, 
 58.80,  -9.20E-010, 
 58.90,  -1.01E-009, 
 59.00,  -1.06E-009, 
 59.10,  -9.33E-010, 
 59.20,  -1.03E-009, 
 59.30,  -1.06E-009, 
 59.40,  -1.03E-009, 
 59.50,  -9.58E-010, 
 59.60,  -9.17E-010, 
 59.70,  -9.41E-010, 
 59.80,  -9.61E-010, 
 59.90,  -1.14E-009, 
 60.00,  -1.19E-009, 
 60.10,  -1.09E-009, 
 60.20,  -1.12E-009, 
 60.30,  -9.65E-010, 
 60.40,  -9.90E-010, 
 60.50,  -1.17E-009, 
 60.60,  -1.17E-009, 
 60.70,  -1.14E-009, 
 60.80,  -1.10E-009, 
 60.90,  -9.45E-010, 
 61.00,  -1.10E-009, 
 61.10,  -1.11E-009, 
 61.20,  -1.12E-009, 
 61.30,  -1.12E-009, 
 61.40,  -1.06E-009, 
 61.50,  -1.09E-009, 
 61.60,  -1.11E-009, 
 61.70,  -1.06E-009, 
 61.80,  -9.86E-010, 
 61.90,  -9.98E-010, 
 62.00,  -9.29E-010, 
 62.10,  -9.14E-010, 
 62.20,  -1.16E-009, 
 62.30,  -1.18E-009, 
 62.40,  -9.34E-010, 
 62.50,  -9.24E-010, 
 62.60,  -1.08E-009, 
 62.70,  -9.02E-010, 
 62.80,  -9.43E-010, 
 62.90,  -1.18E-009, 
 63.00,  -1.08E-009, 
 63.10,  -1.06E-009, 
 63.20,  -1.20E-009, 
 63.30,  -1.03E-009, 
 63.40,  -9.31E-010, 
 63.50,  -1.02E-009, 
 63.60,  -8.84E-010, 
 63.70,  -7.60E-010, 
 63.80,  -1.08E-009, 
 63.90,  -9.47E-010, 
 64.00,  -9.00E-010, 
 64.10,  -1.04E-009, 
 64.20,  -1.06E-009, 
 64.30,  -1.20E-009, 
 64.40,  -1.23E-009, 
 64.50,  -1.16E-009, 
 64.60,  -1.22E-009, 
 64.70,  -1.19E-009, 
 64.80,  -1.06E-009, 
 64.90,  -9.65E-010, 
 65.00,  -1.11E-009, 
 65.10,  -1.16E-009, 
 65.20,  -1.19E-009, 
 65.30,  -1.16E-009, 
 65.40,  -9.28E-010, 
 65.50,  -1.03E-009, 
 65.60,  -1.14E-009, 
 65.70,  -1.03E-009, 
 65.80,  -1.01E-009, 
 65.90,  -9.47E-010, 
 66.00,  -9.61E-010, 
 66.10,  -9.12E-010, 
 66.20,  -9.36E-010, 
 66.30,  -9.63E-010, 
 66.40,  -8.69E-010, 
 66.50,  -8.69E-010, 
 66.60,  -9.20E-010, 
 66.70,  -9.11E-010, 
 66.80,  -8.93E-010, 
 66.90,  -8.93E-010, 
 67.00,  -9.59E-010, 
 67.10,  -1.03E-009, 
 67.20,  -1.16E-009, 
 67.30,  -1.10E-009, 
 67.40,  -1.11E-009, 
 67.50,  -1.05E-009, 
 67.60,  -1.22E-009, 
 67.70,  -1.08E-009, 
 67.80,  -9.06E-010, 
 67.90,  -1.08E-009, 
 68.00,  -1.08E-009, 
 68.10,  -1.12E-009, 
 68.20,  -1.14E-009, 
 68.30,  -1.20E-009, 
 68.40,  -1.16E-009, 
 68.50,  -1.05E-009, 
 68.60,  -1.12E-009, 
 68.70,  -1.04E-009, 
 68.80,  -1.03E-009, 
 68.90,  -1.13E-009, 
 69.00,  -1.15E-009, 
 69.10,  -1.23E-009, 
 69.20,  -1.07E-009, 
 69.30,  -8.49E-010, 
 69.40,  -1.09E-009, 
 69.50,  -1.22E-009, 
 69.60,  -1.02E-009, 
 69.70,  -1.16E-009, 
 69.80,  -1.22E-009, 
 69.90,  -1.18E-009, 
 70.00,  -1.09E-009, 
 70.10,  -1.14E-009, 
 70.20,  -1.10E-009, 
 70.30,  -1.12E-009, 
 70.40,  -1.13E-009, 
 70.50,  -1.04E-009, 
 70.60,  -9.71E-010, 
 70.70,  -1.02E-009, 
 70.80,  -8.81E-010, 
 70.90,  -1.03E-009, 
 71.00,  -1.03E-009, 
 71.10,  -9.39E-010, 
 71.20,  -1.05E-009, 
 71.30,  -1.00E-009, 
 71.40,  -9.25E-010, 
 71.50,  -9.01E-010, 
 71.60,  -9.23E-010, 
 71.70,  -1.00E-009, 
 71.80,  -1.06E-009, 
 71.90,  -1.06E-009, 
 72.00,  -9.58E-010, 
 72.10,  -9.84E-010, 
 72.20,  -8.99E-010, 
 72.30,  -9.18E-010, 
 72.40,  -9.22E-010, 
 72.50,  -1.07E-009, 
 72.60,  -8.17E-010, 
 72.70,  -8.86E-010, 
 72.80,  -1.06E-009, 
 72.90,  -1.03E-009, 
 73.00,  -1.21E-009, 
 73.10,  -1.32E-009, 
 73.20,  -1.11E-009, 
 73.30,  -1.07E-009, 
 73.40,  -1.12E-009, 
 73.50,  -9.67E-010, 
 73.60,  -1.03E-009, 
 73.70,  -1.02E-009, 
 73.80,  -9.63E-010, 
 73.90,  -1.12E-009, 
 74.00,  -1.21E-009, 
 74.10,  -1.14E-009, 
 74.20,  -1.05E-009, 
 74.30,  -9.37E-010, 
 74.40,  -8.94E-010, 
 74.50,  -1.05E-009, 
 74.60,  -1.00E-009, 
 74.70,  -9.06E-010, 
 74.80,  -9.51E-010, 
 74.90,  -9.76E-010, 
 75.00,  -9.41E-010, 
 75.10,  -1.02E-009, 
 75.20,  -9.98E-010, 
 75.30,  -8.94E-010, 
 75.40,  -9.13E-010, 
 75.50,  -1.00E-009, 
 75.60,  -9.57E-010, 
 75.70,  -9.64E-010, 
 75.80,  -9.71E-010, 
 75.90,  -8.00E-010, 
 76.00,  -9.76E-010, 
 76.10,  -1.03E-009, 
 76.20,  -9.90E-010, 
 76.30,  -9.60E-010, 
 76.40,  -1.07E-009, 
 76.50,  -1.02E-009, 
 76.60,  -1.07E-009, 
 76.70,  -1.30E-009, 
 76.80,  -1.27E-009, 
 76.90,  -1.14E-009, 
 77.00,  -1.08E-009, 
 77.10,  -9.92E-010, 
 77.20,  -9.41E-010, 
 77.30,  -9.46E-010, 
 77.40,  -9.84E-010, 
 77.50,  -1.07E-009, 
 77.60,  -1.23E-009, 
 77.70,  -1.22E-009, 
 77.80,  -1.07E-009, 
 77.90,  -1.10E-009, 
 78.00,  -9.37E-010, 
 78.10,  -9.01E-010, 
 78.20,  -9.39E-010, 
 78.30,  -9.82E-010, 
 78.40,  -1.02E-009, 
 78.50,  -1.05E-009, 
 78.60,  -9.10E-010, 
 78.70,  -9.12E-010, 
 78.80,  -9.98E-010, 
 78.90,  -9.86E-010, 
 79.00,  -9.06E-010, 
 79.10,  -1.21E-009, 
 79.20,  -1.18E-009, 
 79.30,  -1.17E-009, 
 79.40,  -1.27E-009, 
 79.50,  -1.22E-009, 
 79.60,  -1.27E-009, 
 79.70,  -1.31E-009, 
 79.80,  -1.10E-009, 
 79.90,  -1.13E-009, 
 80.00,  -1.13E-009, 
 80.10,  -9.98E-010, 
 80.20,  -1.06E-009, 
 80.30,  -1.08E-009, 
 80.40,  -9.81E-010, 
 80.50,  -9.23E-010, 
 80.60,  -1.09E-009, 
 80.70,  -1.13E-009, 
 80.80,  -9.89E-010, 
 80.90,  -1.12E-009, 
 81.00,  -1.17E-009, 
 81.10,  -1.11E-009, 
 81.20,  -1.23E-009, 
 81.30,  -1.05E-009, 
 81.40,  -1.16E-009, 
 81.50,  -1.18E-009, 
 81.60,  -1.07E-009, 
 81.70,  -1.16E-009, 
 81.80,  -1.23E-009, 
 81.90,  -1.11E-009, 
 82.00,  -1.04E-009, 
 82.10,  -1.02E-009, 
 82.20,  -1.11E-009, 
 82.30,  -1.19E-009, 
 82.40,  -1.15E-009, 
 82.50,  -1.24E-009, 
 82.60,  -1.13E-009, 
 82.70,  -1.09E-009, 
 82.80,  -1.10E-009, 
 82.90,  -9.16E-010, 
 83.00,  -1.01E-009, 
 83.10,  -8.12E-010, 
 83.20,  -8.48E-010, 
 83.30,  -1.07E-009, 
 83.40,  -9.88E-010, 
 83.50,  -7.95E-010, 
 83.60,  -8.76E-010, 
 83.70,  -9.96E-010, 
 83.80,  -9.65E-010, 
 83.90,  -1.05E-009, 
 84.00,  -1.01E-009, 
 84.10,  -1.02E-009, 
 84.20,  -1.17E-009, 
 84.30,  -1.13E-009, 
 84.40,  -1.22E-009, 
 84.50,  -1.25E-009, 
 84.60,  -1.08E-009, 
 84.70,  -1.09E-009, 
 84.80,  -9.82E-010, 
 84.90,  -8.57E-010, 
 85.00,  -7.99E-010, 
 85.10,  -9.53E-010, 
 85.20,  -9.39E-010, 
 85.30,  -1.08E-009, 
 85.40,  -9.92E-010, 
 85.50,  -9.35E-010, 
 85.60,  -1.05E-009, 
 85.70,  -1.23E-009, 
 85.80,  -1.20E-009, 
 85.90,  -1.11E-009, 
 86.00,  -1.24E-009, 
 86.10,  -1.12E-009, 
 86.20,  -1.05E-009, 
 86.30,  -1.13E-009, 
 86.40,  -9.93E-010, 
 86.50,  -9.12E-010, 
 86.60,  -1.00E-009, 
 86.70,  -9.36E-010, 
 86.80,  -9.55E-010, 
 86.90,  -9.57E-010, 
 87.00,  -8.18E-010, 
 87.10,  -8.58E-010, 
 87.20,  -1.05E-009, 
 87.30,  -9.70E-010, 
 87.40,  -1.14E-009, 
 87.50,  -1.31E-009, 
 87.60,  -1.21E-009, 
 87.70,  -1.11E-009, 
 87.80,  -1.11E-009, 
 87.90,  -1.12E-009, 
 88.00,  -9.87E-010, 
 88.10,  -1.05E-009, 
 88.20,  -9.51E-010, 
 88.30,  -1.10E-009, 
 88.40,  -1.14E-009, 
 88.50,  -1.14E-009, 
 88.60,  -9.89E-010, 
 88.70,  -1.15E-009, 
 88.80,  -1.08E-009, 
 88.90,  -1.00E-009, 
 89.00,  -1.28E-009, 
 89.10,  -1.28E-009, 
 89.20,  -1.13E-009, 
 89.30,  -1.12E-009, 
 89.40,  -1.13E-009, 
 89.50,  -1.06E-009, 
 89.60,  -1.21E-009, 
 89.70,  -9.93E-010, 
 89.80,  -9.63E-010, 
 89.90,  -9.51E-010, 
 90.00,  -1.00E-009, 
 90.10,  -1.06E-009, 
 90.20,  -1.21E-009, 
 90.30,  -1.11E-009, 
 90.40,  -1.08E-009, 
 90.50,  -1.10E-009, 
 90.60,  -1.05E-009, 
 90.70,  -1.02E-009, 
 90.80,  -9.54E-010, 
 90.90,  -1.02E-009, 
 91.00,  -1.14E-009, 
 91.10,  -1.12E-009, 
 91.20,  -8.72E-010, 
 91.30,  -9.93E-010, 
 91.40,  -1.13E-009, 
 91.50,  -1.18E-009, 
 91.60,  -1.14E-009, 
 91.70,  -1.27E-009, 
 91.80,  -1.20E-009, 
 91.90,  -1.17E-009, 
 92.00,  -1.19E-009, 
 92.10,  -1.18E-009, 
 92.20,  -1.16E-009, 
 92.30,  -1.17E-009, 
 92.40,  -1.12E-009, 
 92.50,  -1.13E-009, 
 92.60,  -1.26E-009, 
 92.70,  -1.14E-009, 
 92.80,  -8.73E-010, 
 92.90,  -1.10E-009, 
 93.00,  -1.20E-009, 
 93.10,  -1.04E-009, 
 93.20,  -1.20E-009, 
 93.30,  -1.13E-009, 
 93.40,  -1.17E-009, 
 93.50,  -1.28E-009, 
 93.60,  -1.24E-009, 
 93.70,  -1.10E-009, 
 93.80,  -1.21E-009, 
 93.90,  -1.24E-009, 
 94.00,  -1.03E-009, 
 94.10,  -1.21E-009, 
 94.20,  -1.17E-009, 
 94.30,  -1.02E-009, 
 94.40,  -1.01E-009, 
 94.50,  -1.03E-009, 
 94.60,  -9.86E-010, 
 94.70,  -1.16E-009, 
 94.80,  -1.14E-009, 
 94.90,  -1.12E-009, 
 95.00,  -1.16E-009, 
 95.10,  -1.29E-009, 
 95.20,  -1.37E-009, 
 95.30,  -1.15E-009, 
 95.40,  -1.18E-009, 
 95.50,  -1.23E-009, 
 95.60,  -1.17E-009, 
 95.70,  -1.23E-009, 
 95.80,  -1.15E-009, 
 95.90,  -1.03E-009, 
 96.00,  -1.09E-009, 
 96.10,  -1.05E-009, 
 96.20,  -1.17E-009, 
 96.30,  -1.20E-009, 
 96.40,  -1.20E-009, 
 96.50,  -1.10E-009, 
 96.60,  -1.41E-009, 
 96.70,  -1.37E-009, 
 96.80,  -1.37E-009, 
 96.90,  -1.24E-009, 
 97.00,  -1.23E-009, 
 97.10,  -1.11E-009, 
 97.20,  -1.02E-009, 
 97.30,  -1.06E-009, 
 97.40,  -1.12E-009, 
 97.50,  -1.18E-009, 
 97.60,  -9.24E-010, 
 97.70,  -7.90E-010, 
 97.80,  -8.98E-010, 
 97.90,  -9.18E-010, 
 98.00,  -9.45E-010, 
 98.10,  -1.23E-009, 
 98.20,  -1.23E-009, 
 98.30,  -1.07E-009, 
 98.40,  -1.01E-009, 
 98.50,  -1.02E-009, 
 98.60,  -9.81E-010, 
 98.70,  -9.30E-010, 
 98.80,  -1.03E-009, 
 98.90,  -9.46E-010, 
 99.00,  -1.13E-009, 
 99.10,  -1.02E-009, 
 99.20,  -8.60E-010, 
 99.30,  -1.15E-009, 
 99.40,  -1.13E-009, 
 99.50,  -1.02E-009, 
 99.60,  -1.27E-009, 
 99.70,  -1.25E-009, 
 99.80,  -1.17E-009, 
 99.90,  -1.37E-009, 
 100.00,  -1.17E-009, 
