1.21006E-1	4.55409E+2
1.02306E+1	4.55482E+2
2.03422E+1	4.55566E+2
3.04517E+1	4.55653E+2
4.05633E+1	4.55716E+2
5.06739E+1	4.55793E+2
6.07835E+1	4.55863E+2
7.08951E+1	4.55954E+2
8.10046E+1	4.56037E+2
9.11162E+1	4.56097E+2
1.01227E+2	4.56153E+2
1.11338E+2	4.56194E+2
1.21448E+2	4.56240E+2
1.31558E+2	4.56261E+2
1.41670E+2	4.56282E+2
1.51780E+2	4.56313E+2
1.61891E+2	4.56362E+2
1.72001E+2	4.56404E+2
1.82111E+2	4.56407E+2
1.92222E+2	4.56473E+2
2.02332E+2	4.56522E+2
2.12443E+2	4.56560E+2
2.22553E+2	4.56602E+2
2.32664E+2	4.56644E+2
2.42775E+2	4.56682E+2
2.52884E+2	4.56735E+2
2.62996E+2	4.56780E+2
2.73106E+2	4.56822E+2
2.83217E+2	4.56853E+2
2.93327E+2	4.56892E+2
3.03438E+2	4.56962E+2
3.13549E+2	4.57024E+2
3.23659E+2	4.57091E+2
3.33771E+2	4.57150E+2
3.43881E+2	4.57199E+2
3.53992E+2	4.57251E+2
3.64103E+2	4.57290E+2
3.74213E+2	4.57335E+2
3.84324E+2	4.57373E+2
3.94434E+2	4.57331E+2
4.04545E+2	4.57433E+2
4.14655E+2	4.57461E+2
4.24767E+2	4.57468E+2
4.34878E+2	4.57496E+2
4.44988E+2	4.57503E+2
4.55099E+2	4.57523E+2
4.65207E+2	4.57551E+2
4.75318E+2	4.57583E+2
4.85428E+2	4.57628E+2
4.95540E+2	4.57687E+2
5.05650E+2	4.57726E+2
5.15759E+2	4.57754E+2
5.25871E+2	4.57771E+2
5.35981E+2	4.57799E+2
5.46092E+2	4.57834E+2
5.56203E+2	4.57865E+2
5.66314E+2	4.57897E+2
5.76424E+2	4.57932E+2
5.86534E+2	4.57956E+2
5.96645E+2	4.57981E+2
6.06755E+2	4.58012E+2
6.16866E+2	4.58050E+2
6.26976E+2	4.58085E+2
6.37086E+2	4.58106E+2
6.47198E+2	4.58117E+2
6.57308E+2	4.58138E+2
6.67419E+2	4.58159E+2
6.77529E+2	4.58173E+2
6.87640E+2	4.58187E+2
6.97752E+2	4.58221E+2
7.07861E+2	4.58260E+2
7.17974E+2	4.58284E+2
7.28084E+2	4.58305E+2
7.38196E+2	4.58337E+2
7.48307E+2	4.58365E+2
7.58418E+2	4.58413E+2
7.68528E+2	4.58476E+2
7.78638E+2	4.58584E+2
7.88750E+2	4.58752E+2
7.98860E+2	4.58968E+2
8.08970E+2	4.59181E+2
8.19082E+2	4.59394E+2
8.29193E+2	4.59628E+2
8.39303E+2	4.59858E+2
8.49413E+2	4.60117E+2
8.59524E+2	4.60361E+2
8.69633E+2	4.60609E+2
8.79742E+2	4.60881E+2
8.89854E+2	4.61150E+2
8.99963E+2	4.61422E+2
9.10076E+2	4.61684E+2
9.20186E+2	4.61949E+2
9.30297E+2	4.62193E+2
9.40407E+2	4.62448E+2
9.50518E+2	4.62706E+2
9.60628E+2	4.62979E+2
9.70737E+2	4.63254E+2
9.80848E+2	4.63558E+2
9.90957E+2	4.63855E+2
1.00107E+3	4.64176E+2
1.01118E+3	4.64518E+2
1.02129E+3	4.64863E+2
1.03140E+3	4.65247E+2
1.04151E+3	4.65659E+2
1.05162E+3	4.66056E+2
1.06173E+3	4.66426E+2
1.07184E+3	4.66761E+2
1.08195E+3	4.67089E+2
1.09206E+3	4.67407E+2
1.10217E+3	4.67752E+2
1.11228E+3	4.68041E+2
1.12240E+3	4.68446E+2
1.13251E+3	4.68806E+2
1.14262E+3	4.69115E+2
1.15273E+3	4.69510E+2
1.16284E+3	4.69925E+2
1.17295E+3	4.70322E+2
1.18306E+3	4.70689E+2
1.19317E+3	4.71076E+2
1.20328E+3	4.71473E+2
1.21339E+3	4.71853E+2
1.22350E+3	4.72240E+2
1.23361E+3	4.72631E+2
1.24372E+3	4.73004E+2
1.25383E+3	4.73360E+2
1.26394E+3	4.73733E+2
1.27405E+3	4.74123E+2
1.28416E+3	4.74531E+2
1.29427E+3	4.74970E+2
1.30438E+3	4.75406E+2
1.31449E+3	4.75831E+2
1.32460E+3	4.76280E+2
1.33471E+3	4.76730E+2
1.34483E+3	4.77186E+2
1.35494E+3	4.77692E+2
1.36505E+3	4.78211E+2
1.37515E+3	4.78705E+2
1.38527E+3	4.79193E+2
1.39538E+3	4.79586E+2
1.40549E+3	4.80038E+2
1.41560E+3	4.80501E+2
1.42571E+3	4.80985E+2
1.43582E+3	4.81434E+2
1.44593E+3	4.81880E+2
1.45604E+3	4.82346E+2
1.46615E+3	4.82763E+2
1.47626E+3	4.83247E+2
1.48637E+3	4.83755E+2
1.49648E+3	4.84273E+2
1.50660E+3	4.84816E+2
1.51671E+3	4.85379E+2
1.52682E+3	4.85925E+2
1.53693E+3	4.86402E+2
1.54704E+3	4.86864E+2
1.55715E+3	4.87288E+2
1.56726E+3	4.87785E+2
1.57737E+3	4.88334E+2
1.58748E+3	4.88858E+2
1.59759E+3	4.89369E+2
1.60770E+3	4.89897E+2
1.61781E+3	4.90344E+2
1.62792E+3	4.90865E+2
1.63803E+3	4.91383E+2
1.64814E+3	4.91886E+2
1.65825E+3	4.92333E+2
1.66837E+3	4.92878E+2
1.67848E+3	4.93433E+2
1.68859E+3	4.93974E+2
1.69870E+3	4.94505E+2
1.70881E+3	4.95060E+2
1.71892E+3	4.95562E+2
1.72903E+3	4.96151E+2
1.73914E+3	4.96765E+2
1.74925E+3	4.97396E+2
1.75936E+3	4.98005E+2
1.76947E+3	4.98636E+2
1.77958E+3	4.99290E+2
1.78969E+3	4.99882E+2
1.79980E+3	5.00557E+2
1.80991E+3	5.01190E+2
1.82003E+3	5.01847E+2
1.83013E+3	5.02505E+2
1.84025E+3	5.03134E+2
1.85035E+3	5.03781E+2
1.86046E+3	5.04486E+2
1.87058E+3	5.05184E+2
1.88069E+3	5.05857E+2
1.89080E+3	5.06451E+2
1.90091E+3	5.07086E+2
1.91102E+3	5.07739E+2
1.92113E+3	5.08398E+2
1.93124E+3	5.09033E+2
1.94135E+3	5.09671E+2
1.95146E+3	5.10381E+2
1.96157E+3	5.11109E+2
1.97168E+3	5.11857E+2
1.98179E+3	5.12577E+2
1.99190E+3	5.13334E+2
2.00201E+3	5.13988E+2
2.01212E+3	5.14743E+2
2.02223E+3	5.15382E+2
2.03235E+3	5.16081E+2
2.04245E+3	5.16823E+2
2.05257E+3	5.17597E+2
2.06268E+3	5.18381E+2
2.07279E+3	5.19157E+2
2.08290E+3	5.19985E+2
2.09301E+3	5.20775E+2
2.10312E+3	5.21523E+2
2.11323E+3	5.22278E+2
2.12334E+3	5.23067E+2
2.13345E+3	5.23814E+2
2.14356E+3	5.24668E+2
2.15367E+3	5.25449E+2
2.16378E+3	5.26319E+2
2.17389E+3	5.27295E+2
2.18401E+3	5.28240E+2
2.19412E+3	5.29153E+2
2.20423E+3	5.30087E+2
2.21434E+3	5.31031E+2
2.22445E+3	5.31953E+2
2.23456E+3	5.32910E+2
2.24467E+3	5.33900E+2
2.25479E+3	5.34855E+2
2.26490E+3	5.36026E+2
2.27501E+3	5.37243E+2
2.28512E+3	5.38466E+2
2.29523E+3	5.39706E+2
2.30534E+3	5.40990E+2
2.31545E+3	5.42214E+2
2.32556E+3	5.43524E+2
2.33567E+3	5.44924E+2
2.34578E+3	5.46262E+2
2.35589E+3	5.47512E+2
2.36600E+3	5.48808E+2
2.37611E+3	5.50212E+2
2.38622E+3	5.51748E+2
2.39633E+3	5.53431E+2
2.40644E+3	5.54857E+2
2.41655E+3	5.55882E+2
2.42666E+3	5.56603E+2
2.43677E+3	5.57147E+2
2.44688E+3	5.57661E+2
2.45700E+3	5.58212E+2
2.46711E+3	5.58868E+2
2.47722E+3	5.59598E+2
2.48733E+3	5.60355E+2
2.49744E+3	5.61033E+2
2.50755E+3	5.61594E+2
2.51766E+3	5.62144E+2
2.52777E+3	5.62758E+2
2.53788E+3	5.63454E+2
2.54799E+3	5.64223E+2
2.55810E+3	5.65046E+2
2.56821E+3	5.65882E+2
2.57832E+3	5.66711E+2
2.58843E+3	5.67554E+2
2.59854E+3	5.68362E+2
2.60865E+3	5.69096E+2
2.61876E+3	5.69773E+2
2.62888E+3	5.70379E+2
2.63898E+3	5.71065E+2
2.64910E+3	5.71833E+2
2.65921E+3	5.72576E+2
2.66932E+3	5.73293E+2
2.67943E+3	5.74042E+2
2.68954E+3	5.74782E+2
2.69965E+3	5.75562E+2
2.70976E+3	5.76338E+2
2.71987E+3	5.77020E+2
2.72998E+3	5.77696E+2
2.74009E+3	5.78300E+2
2.75020E+3	5.79133E+2
2.76031E+3	5.79827E+2
2.77042E+3	5.80465E+2
2.78053E+3	5.81106E+2
2.79064E+3	5.81683E+2
2.80076E+3	5.82240E+2
2.81087E+3	5.82854E+2
2.82098E+3	5.83478E+2
2.83109E+3	5.84098E+2
2.84120E+3	5.84708E+2
2.85131E+3	5.85418E+2
2.86142E+3	5.86183E+2
2.87153E+3	5.86987E+2
2.88164E+3	5.87721E+2
2.89175E+3	5.88354E+2
2.90186E+3	5.89047E+2
2.91197E+3	5.89837E+2
2.92208E+3	5.90704E+2
2.93219E+3	5.91460E+2
2.94230E+3	5.92230E+2
2.95241E+3	5.92909E+2
2.96253E+3	5.93569E+2
2.97263E+3	5.94328E+2
2.98274E+3	5.95054E+2
2.99285E+3	5.95733E+2
3.00296E+3	5.96405E+2
3.01308E+3	5.97060E+2
3.02318E+3	5.97621E+2
3.03329E+3	5.98259E+2
3.04341E+3	5.98814E+2
3.05352E+3	5.99325E+2
3.06363E+3	5.99860E+2
3.07374E+3	6.00445E+2
3.08385E+3	6.01133E+2
3.09396E+3	6.01898E+2
3.10407E+3	6.02639E+2
3.11418E+3	6.03410E+2
3.12429E+3	6.04108E+2
3.13440E+3	6.04812E+2
3.14451E+3	6.05486E+2
3.15462E+3	6.06127E+2
3.16474E+3	6.06684E+2
3.17484E+3	6.07238E+2
3.18496E+3	6.07836E+2
3.19507E+3	6.08433E+2
3.20518E+3	6.09033E+2
3.21529E+3	6.09744E+2
3.22540E+3	6.10517E+2
3.23551E+3	6.11237E+2
3.24562E+3	6.11978E+2
3.25573E+3	6.12658E+2
3.26584E+3	6.13354E+2
3.27595E+3	6.14098E+2
3.28606E+3	6.14837E+2
3.29617E+3	6.15547E+2
3.30628E+3	6.16250E+2
3.31639E+3	6.16880E+2
3.32651E+3	6.17446E+2
3.33661E+3	6.18029E+2
3.34673E+3	6.18599E+2
3.35684E+3	6.19151E+2
3.36695E+3	6.19764E+2
3.37706E+3	6.20397E+2
3.38717E+3	6.20942E+2
3.39728E+3	6.21612E+2
3.40739E+3	6.22077E+2
3.41750E+3	6.22640E+2
3.42761E+3	6.23323E+2
3.43772E+3	6.24045E+2
3.44784E+3	6.24713E+2
3.45795E+3	6.25345E+2
3.46806E+3	6.25951E+2
3.47817E+3	6.26653E+2
3.48828E+3	6.27279E+2
3.49839E+3	6.27893E+2
3.50850E+3	6.28595E+2
3.51861E+3	6.29273E+2
3.52872E+3	6.29998E+2
3.53883E+3	6.30780E+2
3.54894E+3	6.31444E+2
3.55905E+3	6.32156E+2
3.56916E+3	6.32850E+2
3.57927E+3	6.33578E+2
3.58938E+3	6.34186E+2
3.59949E+3	6.34671E+2
3.60960E+3	6.35137E+2
3.61972E+3	6.35608E+2
3.62983E+3	6.36146E+2
3.63994E+3	6.36801E+2
3.65005E+3	6.37518E+2
3.66016E+3	6.38252E+2
3.67027E+3	6.38996E+2
3.68038E+3	6.39584E+2
3.69049E+3	6.40205E+2
3.70060E+3	6.40816E+2
3.71071E+3	6.41363E+2
3.72082E+3	6.42001E+2
3.73094E+3	6.42705E+2
3.74104E+3	6.43312E+2
3.75116E+3	6.43856E+2
3.76127E+3	6.44454E+2
3.77138E+3	6.45130E+2
3.78149E+3	6.45883E+2
3.79160E+3	6.46643E+2
3.80171E+3	6.47283E+2
3.81182E+3	6.47814E+2
3.82193E+3	6.48371E+2
3.83204E+3	6.48901E+2
3.84215E+3	6.49449E+2
3.85226E+3	6.50025E+2
3.86237E+3	6.50589E+2
3.87248E+3	6.51176E+2
3.88259E+3	6.51855E+2
3.89270E+3	6.52535E+2
3.90282E+3	6.53317E+2
3.91292E+3	6.54125E+2
3.92304E+3	6.54890E+2
3.93315E+3	6.55553E+2
3.94326E+3	6.56249E+2
3.95337E+3	6.56918E+2
3.96348E+3	6.57438E+2
3.97359E+3	6.57974E+2
3.98370E+3	6.58524E+2
3.99381E+3	6.59110E+2
4.00392E+3	6.59732E+2
4.01403E+3	6.60457E+2
4.02414E+3	6.61142E+2
4.03425E+3	6.61715E+2
4.04436E+3	6.62300E+2
4.05447E+3	6.62926E+2
4.06458E+3	6.63494E+2
4.07469E+3	6.64152E+2
4.08480E+3	6.64870E+2
4.09492E+3	6.65571E+2
4.10502E+3	6.66236E+2
4.11514E+3	6.66914E+2
4.12525E+3	6.67545E+2
4.13536E+3	6.68187E+2
4.14547E+3	6.68868E+2
4.15558E+3	6.69565E+2
4.16569E+3	6.70226E+2
4.17580E+3	6.70910E+2
4.18591E+3	6.71574E+2
4.19602E+3	6.72209E+2
4.20613E+3	6.72843E+2
4.21624E+3	6.73444E+2
4.22635E+3	6.74081E+2
4.23646E+3	6.74676E+2
4.24657E+3	6.75227E+2
4.25668E+3	6.75693E+2
4.26680E+3	6.76168E+2
4.27691E+3	6.76818E+2
4.28702E+3	6.77489E+2
4.29713E+3	6.78162E+2
4.30724E+3	6.79000E+2
4.31735E+3	6.79749E+2
4.32746E+3	6.80254E+2
4.33757E+3	6.80732E+2
4.34768E+3	6.81488E+2
4.35779E+3	6.82289E+2
4.36790E+3	6.83080E+2
4.37801E+3	6.83776E+2
4.38812E+3	6.84416E+2
4.39823E+3	6.84917E+2
4.40834E+3	6.85362E+2
4.41845E+3	6.85899E+2
4.42856E+3	6.86347E+2
4.43867E+3	6.86798E+2
4.44878E+3	6.87220E+2
4.45889E+3	6.87816E+2
4.46900E+3	6.88449E+2
4.47912E+3	6.89151E+2
4.48922E+3	6.89856E+2
4.49934E+3	6.90626E+2
4.50945E+3	6.91374E+2
4.51956E+3	6.92046E+2
4.52967E+3	6.92665E+2
4.53978E+3	6.93198E+2
4.54989E+3	6.93721E+2
4.56000E+3	6.94218E+2
4.57011E+3	6.94824E+2
4.58022E+3	6.95584E+2
4.59033E+3	6.96358E+2
4.60044E+3	6.97045E+2
4.61055E+3	6.97637E+2
4.62066E+3	6.98167E+2
4.63077E+3	6.98607E+2
4.64089E+3	6.99157E+2
4.65100E+3	6.99890E+2
4.66111E+3	7.00706E+2
4.67122E+3	7.01409E+2
4.68133E+3	7.01945E+2
4.69144E+3	7.02508E+2
4.70155E+3	7.03204E+2
4.71166E+3	7.03803E+2
4.72177E+3	7.04414E+2
4.73188E+3	7.04881E+2
4.74199E+3	7.05295E+2
4.75210E+3	7.05834E+2
4.76221E+3	7.06340E+2
4.77232E+3	7.06987E+2
4.78243E+3	7.07687E+2
4.79254E+3	7.08278E+2
4.80265E+3	7.08860E+2
4.81276E+3	7.09569E+2
4.82287E+3	7.10253E+2
4.83298E+3	7.10837E+2
4.84309E+3	7.11461E+2
4.85320E+3	7.12072E+2
4.86331E+3	7.12666E+2
4.87342E+3	7.13202E+2
4.88354E+3	7.13786E+2
4.89365E+3	7.14485E+2
4.90376E+3	7.15346E+2
4.91387E+3	7.16038E+2
4.92398E+3	7.16652E+2
4.93409E+3	7.17164E+2
4.94420E+3	7.17634E+2
4.95431E+3	7.18109E+2
4.96442E+3	7.18507E+2
4.97453E+3	7.18966E+2
4.98464E+3	7.19429E+2
4.99475E+3	7.20062E+2
5.00486E+3	7.20900E+2
5.01497E+3	7.21473E+2
5.02508E+3	7.22186E+2
5.03519E+3	7.22977E+2
5.04530E+3	7.23715E+2
5.05541E+3	7.24371E+2
5.06552E+3	7.24981E+2
5.07563E+3	7.25601E+2
5.08574E+3	7.26182E+2
5.09585E+3	7.26776E+2
5.10596E+3	7.27297E+2
5.11607E+3	7.27833E+2
5.12618E+3	7.28338E+2
5.13629E+3	7.28915E+2
5.14640E+3	7.29551E+2
5.15651E+3	7.30129E+2
5.16662E+3	7.30762E+2
5.17673E+3	7.31382E+2
5.18684E+3	7.31936E+2
5.19695E+3	7.32546E+2
5.20706E+3	7.33163E+2
5.21717E+3	7.33747E+2
5.22728E+3	7.34412E+2
5.23739E+3	7.35167E+2
5.24750E+3	7.35803E+2
5.25761E+3	7.36383E+2
5.26773E+3	7.36993E+2
5.27783E+3	7.37594E+2
5.28795E+3	7.38259E+2
5.29806E+3	7.38896E+2
5.30816E+3	7.39463E+2
5.31828E+3	7.39863E+2
5.32838E+3	7.40296E+2
5.33850E+3	7.40781E+2
5.34861E+3	7.41387E+2
5.35872E+3	7.42138E+2
5.36883E+3	7.42830E+2
5.37894E+3	7.43443E+2
5.38905E+3	7.43922E+2
5.39916E+3	7.44408E+2
5.40927E+3	7.45077E+2
5.41938E+3	7.45824E+2
5.42949E+3	7.46519E+2
5.43960E+3	7.47155E+2
5.44971E+3	7.47854E+2
5.45982E+3	7.48513E+2
5.46993E+3	7.49146E+2
5.48005E+3	7.49572E+2
5.49016E+3	7.49946E+2
5.50027E+3	7.50451E+2
5.51038E+3	7.51093E+2
5.52049E+3	7.51768E+2
5.53060E+3	7.52477E+2
5.54071E+3	7.53021E+2
5.55082E+3	7.53375E+2
5.56093E+3	7.53794E+2
5.57104E+3	7.54355E+2
5.58115E+3	7.55040E+2
5.59126E+3	7.55731E+2
5.60137E+3	7.56219E+2
5.61148E+3	7.56770E+2
5.62159E+3	7.57386E+2
5.63170E+3	7.57929E+2
5.64181E+3	7.58630E+2
5.65193E+3	7.59413E+2
5.66203E+3	7.60203E+2
5.67215E+3	7.60890E+2
5.68226E+3	7.61418E+2
5.69237E+3	7.61824E+2
5.70248E+3	7.62393E+2
5.71259E+3	7.62953E+2
5.72270E+3	7.63552E+2
5.73281E+3	7.64190E+2
5.74292E+3	7.64975E+2
5.75303E+3	7.65630E+2
5.76314E+3	7.66251E+2
5.77325E+3	7.66915E+2
5.78336E+3	7.67454E+2
5.79347E+3	7.67977E+2
5.80358E+3	7.68543E+2
5.81369E+3	7.69121E+2
5.82380E+3	7.69637E+2
5.83391E+3	7.70016E+2
5.84402E+3	7.70561E+2
5.85413E+3	7.71341E+2
5.86424E+3	7.72010E+2
5.87435E+3	7.72679E+2
5.88446E+3	7.73289E+2
5.89457E+3	7.73887E+2
5.90468E+3	7.74540E+2
5.91479E+3	7.75171E+2
5.92490E+3	7.75683E+2
5.93501E+3	7.76237E+2
5.94512E+3	7.76838E+2
5.95523E+3	7.77287E+2
5.96535E+3	7.77750E+2
5.97546E+3	7.78160E+2
5.98557E+3	7.78669E+2
5.99568E+3	7.79200E+2
6.00579E+3	7.79768E+2
6.01590E+3	7.80411E+2
6.02601E+3	7.81129E+2
6.03612E+3	7.81864E+2
6.04623E+3	7.82595E+2
6.05634E+3	7.83136E+2
6.06645E+3	7.83628E+2
6.07656E+3	7.84284E+2
6.08667E+3	7.84910E+2
6.09678E+3	7.85684E+2
6.10689E+3	7.86326E+2
6.11700E+3	7.86759E+2
6.12711E+3	7.87146E+2
6.13722E+3	7.87496E+2
6.14733E+3	7.87968E+2
6.15744E+3	7.88578E+2
6.16755E+3	7.89276E+2
6.17766E+3	7.90073E+2
6.18777E+3	7.90492E+2
6.19788E+3	7.90925E+2
6.20799E+3	7.91541E+2
6.21810E+3	7.92232E+2
6.22821E+3	7.93008E+2
6.23832E+3	7.93696E+2
6.24844E+3	7.94204E+2
6.25854E+3	7.94610E+2
6.26865E+3	7.95075E+2
6.27877E+3	7.95671E+2
6.28887E+3	7.96100E+2
6.29898E+3	7.96752E+2
6.30909E+3	7.97385E+2
6.31920E+3	7.98140E+2
6.32931E+3	7.98930E+2
6.33942E+3	7.99575E+2
6.34954E+3	8.00223E+2
6.35964E+3	8.00931E+2
6.36976E+3	8.01608E+2
6.37987E+3	8.02263E+2
6.38998E+3	8.02689E+2
6.40009E+3	8.03294E+2
6.41020E+3	8.03848E+2
6.42031E+3	8.04267E+2
6.43042E+3	8.04748E+2
6.44053E+3	8.05321E+2
6.45064E+3	8.05795E+2
6.46075E+3	8.06208E+2
6.47086E+3	8.06630E+2
6.48097E+3	8.07379E+2
6.49108E+3	8.08031E+2
6.50118E+3	8.08715E+2
6.51130E+3	8.09438E+2
6.52141E+3	8.09870E+2
6.53152E+3	8.10286E+2
6.54163E+3	8.10780E+2
6.55174E+3	8.11382E+2
6.56185E+3	8.11903E+2
6.57195E+3	8.12328E+2
6.58206E+3	8.12793E+2
6.59217E+3	8.13457E+2
6.60228E+3	8.14255E+2
6.61240E+3	8.14943E+2
6.62251E+3	8.15666E+2
6.63262E+3	8.16412E+2
6.64273E+3	8.17178E+2
6.65284E+3	8.17688E+2
6.66295E+3	8.18179E+2
6.67306E+3	8.18614E+2
6.68317E+3	8.19174E+2
6.69328E+3	8.19746E+2
6.70339E+3	8.20407E+2
6.71350E+3	8.21055E+2
6.72361E+3	8.21683E+2
6.73372E+3	8.22380E+2
6.74383E+3	8.23211E+2
6.75394E+3	8.23986E+2
6.76405E+3	8.24474E+2
6.77417E+3	8.24870E+2
6.78428E+3	8.25347E+2
6.79439E+3	8.25815E+2
6.80450E+3	8.26378E+2
6.81461E+3	8.26925E+2
6.82472E+3	8.27395E+2
6.83483E+3	8.28086E+2
6.84494E+3	8.28629E+2
6.85505E+3	8.29100E+2
6.86516E+3	8.29683E+2
6.87527E+3	8.30196E+2
6.88538E+3	8.30684E+2
6.89549E+3	8.31240E+2
6.90560E+3	8.31872E+2
6.91571E+3	8.32604E+2
6.92582E+3	8.33301E+2
6.93593E+3	8.33841E+2
6.94604E+3	8.34302E+2
6.95615E+3	8.34734E+2
6.96626E+3	8.35281E+2
6.97637E+3	8.36050E+2
6.98648E+3	8.36668E+2
6.99659E+3	8.37077E+2
7.00670E+3	8.37692E+2
7.01681E+3	8.38229E+2
7.02692E+3	8.38808E+2
7.03703E+3	8.39440E+2
7.04714E+3	8.39917E+2
7.05725E+3	8.40412E+2
7.06737E+3	8.41004E+2
7.07748E+3	8.41456E+2
7.08759E+3	8.41825E+2
7.09769E+3	8.42398E+2
7.10781E+3	8.43112E+2
7.11792E+3	8.43897E+2
7.12803E+3	8.44690E+2
7.13814E+3	8.45285E+2
7.14825E+3	8.45652E+2
7.15836E+3	8.46170E+2
7.16847E+3	8.46913E+2
7.17858E+3	8.47495E+2
7.18869E+3	8.48072E+2
7.19880E+3	8.48599E+2
7.20891E+3	8.49169E+2
7.21902E+3	8.49827E+2
7.22913E+3	8.50403E+2
7.23924E+3	8.50983E+2
7.24935E+3	8.51334E+2
7.25946E+3	8.51700E+2
7.26957E+3	8.52211E+2
7.27968E+3	8.52686E+2
7.28979E+3	8.53266E+2
7.29990E+3	8.53973E+2
7.31001E+3	8.54609E+2
7.32012E+3	8.55182E+2
7.33023E+3	8.55559E+2
7.34034E+3	8.56149E+2
7.35045E+3	8.56630E+2
7.36056E+3	8.57321E+2
7.37067E+3	8.58092E+2
7.38078E+3	8.58779E+2
7.39089E+3	8.59451E+2
7.40100E+3	8.60064E+2
7.41111E+3	8.60483E+2
7.42122E+3	8.60969E+2
7.43133E+3	8.61575E+2
7.44144E+3	8.62260E+2
7.45155E+3	8.62755E+2
7.46166E+3	8.63296E+2
7.47177E+3	8.63837E+2
7.48188E+3	8.64276E+2
7.49199E+3	8.64801E+2
7.50210E+3	8.65394E+2
7.51221E+3	8.65994E+2
7.52232E+3	8.66542E+2
7.53243E+3	8.67286E+2
7.54255E+3	8.67945E+2
7.55265E+3	8.68440E+2
7.56276E+3	8.68936E+2
7.57287E+3	8.69309E+2
7.58298E+3	8.69752E+2
7.59309E+3	8.70303E+2
7.60320E+3	8.70782E+2
7.61331E+3	8.71523E+2
7.62342E+3	8.72527E+2
7.63353E+3	8.73429E+2
7.64364E+3	8.74079E+2
7.65375E+3	8.74272E+2
7.66386E+3	8.74630E+2
7.67397E+3	8.75063E+2
7.68408E+3	8.75421E+2
7.69419E+3	8.76002E+2
7.70430E+3	8.76559E+2
7.71442E+3	8.77068E+2
7.72453E+3	8.77508E+2
7.73464E+3	8.78089E+2
7.74475E+3	8.78758E+2
7.75486E+3	8.79487E+2
7.76497E+3	8.80071E+2
7.77508E+3	8.80495E+2
7.78519E+3	8.80951E+2
7.79530E+3	8.81654E+2
7.80541E+3	8.82350E+2
7.81552E+3	8.82990E+2
7.82563E+3	8.83506E+2
7.83574E+3	8.84175E+2
7.84585E+3	8.84980E+2
7.85596E+3	8.85552E+2
7.86607E+3	8.85969E+2
7.87618E+3	8.86327E+2
7.88629E+3	8.86725E+2
7.89640E+3	8.87299E+2
7.90651E+3	8.87710E+2
7.91662E+3	8.88295E+2
7.92673E+3	8.88863E+2
7.93684E+3	8.89530E+2
7.94695E+3	8.90119E+2
7.95706E+3	8.90546E+2
7.96717E+3	8.90953E+2
7.97728E+3	8.91470E+2
7.98739E+3	8.92255E+2
7.99750E+3	8.93116E+2
8.00761E+3	8.93727E+2
8.01772E+3	8.94230E+2
8.02783E+3	8.94885E+2
8.03794E+3	8.95421E+2
8.04806E+3	8.95970E+2
8.05816E+3	8.96466E+2
8.06828E+3	8.96943E+2
8.07839E+3	8.97411E+2
8.08850E+3	8.97930E+2
8.09861E+3	8.98529E+2
8.10872E+3	8.99173E+2
8.11883E+3	8.99884E+2
8.12894E+3	9.00434E+2
8.13905E+3	9.00953E+2
8.14916E+3	9.01480E+2
8.15927E+3	9.01871E+2
8.16938E+3	9.02451E+2
8.17949E+3	9.02977E+2
8.18960E+3	9.03514E+2
8.19971E+3	9.03938E+2
8.20982E+3	9.04603E+2
8.21993E+3	9.05361E+2
8.23004E+3	9.05805E+2
8.24015E+3	9.06404E+2
8.25026E+3	9.07017E+2
8.26037E+3	9.07676E+2
8.27048E+3	9.08139E+2
8.28059E+3	9.08769E+2
8.29070E+3	9.09316E+2
8.30081E+3	9.09912E+2
8.31093E+3	9.10218E+2
8.32104E+3	9.10697E+2
8.33115E+3	9.11270E+2
8.34126E+3	9.12001E+2
8.35137E+3	9.12785E+2
8.36148E+3	9.13596E+2
8.37159E+3	9.14173E+2
8.38170E+3	9.14492E+2
8.39181E+3	9.14767E+2
8.40192E+3	9.15330E+2
8.41203E+3	9.15788E+2
8.42214E+3	9.16187E+2
8.43225E+3	9.16688E+2
8.44236E+3	9.17351E+2
8.45247E+3	9.18239E+2
8.46258E+3	9.18836E+2
8.47269E+3	9.19509E+2
8.48280E+3	9.19914E+2
8.49291E+3	9.20522E+2
8.50302E+3	9.21135E+2
8.51313E+3	9.21746E+2
8.52324E+3	9.22231E+2
8.53335E+3	9.22700E+2
8.54346E+3	9.23165E+2
8.55357E+3	9.23680E+2
8.56368E+3	9.24245E+2
8.57379E+3	9.24882E+2
8.58390E+3	9.25390E+2
8.59401E+3	9.25952E+2
8.60412E+3	9.26371E+2
8.61423E+3	9.26916E+2
8.62434E+3	9.27659E+2
8.63445E+3	9.28128E+2
8.64456E+3	9.28597E+2
8.65467E+3	9.29142E+2
8.66478E+3	9.29506E+2
8.67489E+3	9.29919E+2
8.68500E+3	9.30490E+2
8.69511E+3	9.31095E+2
8.70522E+3	9.31886E+2
8.71533E+3	9.32497E+2
8.72544E+3	9.33128E+2
8.73555E+3	9.33852E+2
8.74566E+3	9.34385E+2
8.75578E+3	9.34914E+2
8.76589E+3	9.35343E+2
8.77599E+3	9.35943E+2
8.78611E+3	9.36654E+2
8.79622E+3	9.37051E+2
8.80633E+3	9.37477E+2
8.81644E+3	9.38192E+2
8.82655E+3	9.38811E+2
8.83666E+3	9.39350E+2
8.84677E+3	9.39956E+2
8.85688E+3	9.40790E+2
8.86699E+3	9.41360E+2
8.87710E+3	9.41502E+2
8.88721E+3	9.41664E+2
8.89732E+3	9.42244E+2
8.90743E+3	9.42972E+2
8.91754E+3	9.43585E+2
8.92765E+3	9.44201E+2
8.93776E+3	9.44771E+2
8.94787E+3	9.45238E+2
8.95798E+3	9.45794E+2
8.96809E+3	9.46351E+2
8.97820E+3	9.46825E+2
8.98831E+3	9.47329E+2
8.99842E+3	9.47790E+2
9.00853E+3	9.48370E+2
9.01864E+3	9.49089E+2
9.02875E+3	9.49828E+2
9.03886E+3	9.50415E+2
9.04897E+3	9.50810E+2
9.05908E+3	9.51294E+2
9.06919E+3	9.51911E+2
9.07930E+3	9.52538E+2
9.08941E+3	9.53026E+2
9.09952E+3	9.53245E+2
9.10963E+3	9.53739E+2
9.11974E+3	9.54429E+2
9.12985E+3	9.54963E+2
9.13996E+3	9.55288E+2
9.15007E+3	9.55817E+2
9.16018E+3	9.56338E+2
9.17029E+3	9.56975E+2
9.18040E+3	9.57563E+2
9.19051E+3	9.58230E+2
9.20062E+3	9.58997E+2
9.21073E+3	9.59782E+2
9.22085E+3	9.60256E+2
9.23095E+3	9.60844E+2
9.24106E+3	9.61373E+2
9.25117E+3	9.61841E+2
9.26128E+3	9.62316E+2
9.27139E+3	9.62871E+2
9.28150E+3	9.63516E+2
9.29161E+3	9.64195E+2
9.30172E+3	9.64594E+2
9.31183E+3	9.64853E+2
9.32194E+3	9.65521E+2
9.33205E+3	9.66309E+2
9.34217E+3	9.66964E+2
9.35228E+3	9.67270E+2
9.36239E+3	9.67546E+2
9.37250E+3	9.67923E+2
9.38261E+3	9.68585E+2
9.39272E+3	9.69167E+2
9.40283E+3	9.69729E+2
9.41294E+3	9.70405E+2
9.42304E+3	9.71131E+2
9.43316E+3	9.71537E+2
9.44327E+3	9.71666E+2
9.45338E+3	9.72110E+2
9.46349E+3	9.72912E+2
9.47360E+3	9.73871E+2
9.48371E+3	9.74631E+2
9.49382E+3	9.75017E+2
9.50393E+3	9.75450E+2
9.51404E+3	9.75843E+2
9.52415E+3	9.76230E+2
9.53426E+3	9.76704E+2
9.54437E+3	9.77610E+2
9.55448E+3	9.78370E+2
9.56459E+3	9.78733E+2
9.57470E+3	9.79227E+2
9.58481E+3	9.79737E+2
9.59492E+3	9.80297E+2
9.60503E+3	9.80794E+2
9.61514E+3	9.81474E+2
9.62525E+3	9.82299E+2
9.63536E+3	9.82709E+2
9.64547E+3	9.83096E+2
9.65559E+3	9.83603E+2
9.66569E+3	9.84097E+2
9.67581E+3	9.84521E+2
9.68591E+3	9.85095E+2
9.69602E+3	9.85626E+2
9.70614E+3	9.86320E+2
9.71624E+3	9.86687E+2
9.72636E+3	9.87312E+2
9.73647E+3	9.87903E+2
9.74658E+3	9.88678E+2
9.75669E+3	9.89440E+2
9.76680E+3	9.90205E+2
9.77691E+3	9.90603E+2
9.78702E+3	9.90853E+2
9.79713E+3	9.91481E+2
9.80724E+3	9.91963E+2
9.81735E+3	9.92261E+2
9.82746E+3	9.92889E+2
9.83757E+3	9.93555E+2
9.84768E+3	9.94230E+2
9.85779E+3	9.94722E+2
9.86790E+3	9.95277E+2
9.87801E+3	9.95802E+2
9.88812E+3	9.96441E+2
9.89823E+3	9.97040E+2
9.90834E+3	9.97555E+2
9.91845E+3	9.97890E+2
9.92856E+3	9.98432E+2
9.93867E+3	9.99085E+2
9.94878E+3	9.99650E+2
9.95889E+3	1.00004E+3
9.96900E+3	1.00048E+3
9.97911E+3	1.00139E+3
9.98922E+3	1.00191E+3
9.99933E+3	1.00246E+3
1.00094E+4	1.00301E+3
1.00196E+4	1.00364E+3
1.00297E+4	1.00439E+3
1.00398E+4	1.00479E+3
1.00499E+4	1.00483E+3
1.00600E+4	1.00531E+3
1.00701E+4	1.00604E+3
1.00802E+4	1.00678E+3
1.00903E+4	1.00730E+3
1.01004E+4	1.00753E+3
1.01105E+4	1.00793E+3
1.01207E+4	1.00853E+3
1.01308E+4	1.00936E+3
1.01409E+4	1.00999E+3
1.01510E+4	1.01035E+3
1.01611E+4	1.01083E+3
1.01712E+4	1.01169E+3
1.01813E+4	1.01222E+3
1.01914E+4	1.01287E+3
1.02015E+4	1.01341E+3
1.02116E+4	1.01378E+3
1.02218E+4	1.01423E+3
1.02319E+4	1.01472E+3
1.02420E+4	1.01521E+3
1.02521E+4	1.01586E+3
1.02622E+4	1.01657E+3
1.02723E+4	1.01717E+3
1.02824E+4	1.01791E+3
1.02925E+4	1.01843E+3
1.03026E+4	1.01880E+3
1.03127E+4	1.01915E+3
1.03229E+4	1.01950E+3
1.03330E+4	1.02016E+3
1.03431E+4	1.02083E+3
1.03532E+4	1.02140E+3
1.03633E+4	1.02206E+3
1.03734E+4	1.02287E+3
1.03835E+4	1.02347E+3
1.03936E+4	1.02375E+3
1.04037E+4	1.02423E+3
1.04138E+4	1.02478E+3
1.04240E+4	1.02532E+3
1.04341E+4	1.02563E+3
1.04442E+4	1.02625E+3
1.04543E+4	1.02701E+3
1.04644E+4	1.02762E+3
1.04745E+4	1.02797E+3
1.04846E+4	1.02812E+3
1.04947E+4	1.02890E+3
1.05048E+4	1.02958E+3
1.05149E+4	1.03016E+3
1.05251E+4	1.03068E+3
1.05352E+4	1.03099E+3
1.05453E+4	1.03154E+3
1.05554E+4	1.03211E+3
1.05655E+4	1.03260E+3
1.05756E+4	1.03290E+3
1.05857E+4	1.03326E+3
1.05958E+4	1.03391E+3
1.06059E+4	1.03462E+3
1.06160E+4	1.03518E+3
1.06262E+4	1.03594E+3
1.06363E+4	1.03650E+3
1.06464E+4	1.03729E+3
1.06565E+4	1.03779E+3
1.06666E+4	1.03810E+3
1.06767E+4	1.03846E+3
1.06868E+4	1.03857E+3
1.06969E+4	1.03917E+3
1.07070E+4	1.03992E+3
1.07172E+4	1.04033E+3
1.07273E+4	1.04111E+3
1.07374E+4	1.04191E+3
1.07475E+4	1.04224E+3
1.07576E+4	1.04249E+3
1.07677E+4	1.04289E+3
1.07778E+4	1.04362E+3
1.07879E+4	1.04426E+3
1.07980E+4	1.04468E+3
1.08081E+4	1.04529E+3
1.08183E+4	1.04569E+3
1.08284E+4	1.04642E+3
1.08385E+4	1.04721E+3
1.08486E+4	1.04772E+3
1.08587E+4	1.04849E+3
1.08688E+4	1.04916E+3
1.08789E+4	1.04979E+3
1.08890E+4	1.05003E+3
1.08991E+4	1.05070E+3
1.09092E+4	1.05108E+3
1.09194E+4	1.05162E+3
1.09295E+4	1.05205E+3
1.09396E+4	1.05255E+3
1.09497E+4	1.05333E+3
1.09598E+4	1.05420E+3
1.09699E+4	1.05464E+3
1.09800E+4	1.05499E+3
1.09901E+4	1.05551E+3
1.10002E+4	1.05587E+3
1.10104E+4	1.05624E+3
1.10205E+4	1.05680E+3
1.10306E+4	1.05709E+3
1.10407E+4	1.05782E+3
1.10508E+4	1.05854E+3
1.10609E+4	1.05933E+3
1.10710E+4	1.05995E+3
1.10811E+4	1.06030E+3
1.10912E+4	1.06053E+3
1.11013E+4	1.06105E+3
1.11115E+4	1.06152E+3
1.11216E+4	1.06206E+3
1.11317E+4	1.06261E+3
1.11418E+4	1.06341E+3
1.11519E+4	1.06419E+3
1.11620E+4	1.06469E+3
1.11721E+4	1.06504E+3
1.11822E+4	1.06553E+3
1.11923E+4	1.06606E+3
1.12024E+4	1.06657E+3
1.12126E+4	1.06717E+3
1.12227E+4	1.06796E+3
1.12328E+4	1.06846E+3
1.12429E+4	1.06891E+3
1.12530E+4	1.06926E+3
1.12631E+4	1.06973E+3
1.12732E+4	1.07015E+3
1.12833E+4	1.07084E+3
1.12934E+4	1.07128E+3
1.13035E+4	1.07170E+3
1.13137E+4	1.07203E+3
1.13238E+4	1.07265E+3
1.13339E+4	1.07296E+3
1.13440E+4	1.07375E+3
1.13541E+4	1.07456E+3
1.13642E+4	1.07524E+3
1.13743E+4	1.07607E+3
1.13844E+4	1.07662E+3
1.13945E+4	1.07679E+3
1.14046E+4	1.07740E+3
1.14148E+4	1.07788E+3
1.14249E+4	1.07828E+3
1.14350E+4	1.07871E+3
1.14451E+4	1.07922E+3
1.14552E+4	1.07998E+3
1.14653E+4	1.08066E+3
1.14754E+4	1.08115E+3
1.14855E+4	1.08176E+3
1.14956E+4	1.08231E+3
1.15058E+4	1.08291E+3
1.15159E+4	1.08328E+3
1.15260E+4	1.08367E+3
1.15361E+4	1.08439E+3
1.15462E+4	1.08514E+3
1.15563E+4	1.08579E+3
1.15664E+4	1.08595E+3
1.15765E+4	1.08611E+3
1.15866E+4	1.08664E+3
1.15967E+4	1.08720E+3
1.16069E+4	1.08789E+3
1.16170E+4	1.08858E+3
1.16271E+4	1.08899E+3
1.16372E+4	1.08963E+3
1.16473E+4	1.09036E+3
1.16574E+4	1.09092E+3
1.16675E+4	1.09106E+3
1.16776E+4	1.09146E+3
1.16877E+4	1.09212E+3
1.16978E+4	1.09290E+3
1.17080E+4	1.09332E+3
1.17181E+4	1.09378E+3
1.17282E+4	1.09421E+3
1.17383E+4	1.09475E+3
1.17484E+4	1.09525E+3
1.17585E+4	1.09587E+3
1.17686E+4	1.09653E+3
1.17787E+4	1.09712E+3
1.17888E+4	1.09755E+3
1.17989E+4	1.09810E+3
1.18091E+4	1.09849E+3
1.18192E+4	1.09900E+3
1.18293E+4	1.09977E+3
1.18394E+4	1.10010E+3
1.18495E+4	1.10054E+3
1.18596E+4	1.10125E+3
1.18697E+4	1.10191E+3
1.18798E+4	1.10225E+3
1.18899E+4	1.10276E+3
1.19001E+4	1.10356E+3
1.19102E+4	1.10390E+3
1.19203E+4	1.10421E+3
1.19304E+4	1.10481E+3
1.19405E+4	1.10563E+3
1.19506E+4	1.10621E+3
1.19607E+4	1.10669E+3
1.19708E+4	1.10703E+3
1.19809E+4	1.10744E+3
1.19910E+4	1.10798E+3
1.20012E+4	1.10864E+3
1.20113E+4	1.10938E+3
1.20214E+4	1.10980E+3
1.20315E+4	1.11044E+3
1.20416E+4	1.11081E+3
1.20517E+4	1.11127E+3
1.20618E+4	1.11192E+3
1.20719E+4	1.11241E+3
1.20820E+4	1.11316E+3
1.20921E+4	1.11350E+3
1.21023E+4	1.11388E+3
1.21124E+4	1.11433E+3
1.21225E+4	1.11522E+3
1.21326E+4	1.11577E+3
1.21427E+4	1.11600E+3
1.21528E+4	1.11647E+3
1.21629E+4	1.11705E+3
1.21730E+4	1.11773E+3
1.21831E+4	1.11835E+3
1.21932E+4	1.11895E+3
1.22034E+4	1.11944E+3
1.22135E+4	1.11978E+3
1.22236E+4	1.12042E+3
1.22337E+4	1.12117E+3
1.22438E+4	1.12145E+3
1.22539E+4	1.12196E+3
1.22640E+4	1.12264E+3
1.22741E+4	1.12329E+3
1.22842E+4	1.12393E+3
1.22943E+4	1.12444E+3
1.23045E+4	1.12467E+3
1.23146E+4	1.12526E+3
1.23247E+4	1.12583E+3
1.23348E+4	1.12617E+3
1.23449E+4	1.12675E+3
1.23550E+4	1.12731E+3
1.23651E+4	1.12785E+3
1.23752E+4	1.12840E+3
1.23853E+4	1.12929E+3
1.23955E+4	1.12992E+3
1.24056E+4	1.13006E+3
1.24157E+4	1.13039E+3
1.24258E+4	1.13100E+3
1.24359E+4	1.13160E+3
1.24460E+4	1.13208E+3
1.24561E+4	1.13239E+3
1.24662E+4	1.13282E+3
1.24763E+4	1.13323E+3
1.24864E+4	1.13381E+3
1.24966E+4	1.13435E+3
1.25067E+4	1.13503E+3
1.25168E+4	1.13569E+3
1.25269E+4	1.13618E+3
1.25370E+4	1.13673E+3
1.25471E+4	1.13745E+3
1.25572E+4	1.13794E+3
1.25673E+4	1.13814E+3
1.25774E+4	1.13860E+3
1.25875E+4	1.13946E+3
1.25977E+4	1.14018E+3
1.26078E+4	1.14060E+3
1.26179E+4	1.14103E+3
1.26280E+4	1.14141E+3
1.26381E+4	1.14190E+3
1.26482E+4	1.14264E+3
1.26583E+4	1.14349E+3
1.26684E+4	1.14389E+3
1.26785E+4	1.14433E+3
1.26886E+4	1.14494E+3
1.26988E+4	1.14544E+3
1.27089E+4	1.14586E+3
1.27190E+4	1.14679E+3
1.27291E+4	1.14717E+3
1.27392E+4	1.14767E+3
1.27493E+4	1.14813E+3
1.27594E+4	1.14848E+3
1.27695E+4	1.14882E+3
1.27796E+4	1.14918E+3
1.27897E+4	1.14965E+3
1.27999E+4	1.15044E+3
1.28100E+4	1.15076E+3
1.28201E+4	1.15133E+3
1.28302E+4	1.15192E+3
1.28403E+4	1.15255E+3
1.28504E+4	1.15314E+3
1.28605E+4	1.15367E+3
1.28706E+4	1.15416E+3
1.28807E+4	1.15453E+3
1.28908E+4	1.15519E+3
1.29010E+4	1.15582E+3
1.29111E+4	1.15648E+3
1.29212E+4	1.15689E+3
1.29313E+4	1.15725E+3
1.29414E+4	1.15789E+3
1.29515E+4	1.15861E+3
1.29616E+4	1.15909E+3
1.29717E+4	1.15943E+3
1.29818E+4	1.15996E+3
1.29920E+4	1.16073E+3
1.30021E+4	1.16118E+3
1.30122E+4	1.16153E+3
1.30223E+4	1.16225E+3
1.30324E+4	1.16262E+3
1.30425E+4	1.16304E+3
1.30526E+4	1.16353E+3
1.30627E+4	1.16415E+3
1.30728E+4	1.16466E+3
1.30829E+4	1.16517E+3
1.30930E+4	1.16550E+3
1.31032E+4	1.16614E+3
1.31133E+4	1.16642E+3
1.31234E+4	1.16703E+3
1.31335E+4	1.16766E+3
1.31436E+4	1.16824E+3
1.31537E+4	1.16875E+3
1.31638E+4	1.16924E+3
1.31739E+4	1.16971E+3
1.31840E+4	1.17042E+3
1.31942E+4	1.17129E+3
1.32043E+4	1.17171E+3
1.32144E+4	1.17223E+3
1.32245E+4	1.17248E+3
1.32346E+4	1.17302E+3
1.32447E+4	1.17348E+3
1.32548E+4	1.17392E+3
1.32649E+4	1.17474E+3
1.32750E+4	1.17531E+3
1.32851E+4	1.17597E+3
1.32953E+4	1.17645E+3
1.33054E+4	1.17687E+3
1.33155E+4	1.17736E+3
1.33256E+4	1.17759E+3
1.33357E+4	1.17836E+3
1.33458E+4	1.17888E+3
1.33559E+4	1.17936E+3
1.33660E+4	1.17980E+3
1.33761E+4	1.18042E+3
1.33862E+4	1.18060E+3
1.33964E+4	1.18128E+3
1.34065E+4	1.18194E+3
1.34166E+4	1.18268E+3
1.34267E+4	1.18304E+3
1.34368E+4	1.18341E+3
1.34469E+4	1.18407E+3
1.34570E+4	1.18434E+3
1.34671E+4	1.18473E+3
1.34772E+4	1.18515E+3
1.34873E+4	1.18577E+3
1.34975E+4	1.18647E+3
1.35076E+4	1.18725E+3
1.35177E+4	1.18774E+3
1.35278E+4	1.18834E+3
1.35379E+4	1.18891E+3
1.35480E+4	1.18907E+3
1.35581E+4	1.18932E+3
1.35682E+4	1.19020E+3
1.35783E+4	1.19098E+3
1.35884E+4	1.19142E+3
1.35986E+4	1.19185E+3
1.36087E+4	1.19237E+3
1.36188E+4	1.19307E+3
1.36289E+4	1.19350E+3
1.36390E+4	1.19390E+3
1.36491E+4	1.19426E+3
1.36592E+4	1.19468E+3
1.36693E+4	1.19508E+3
1.36794E+4	1.19579E+3
1.36895E+4	1.19650E+3
1.36997E+4	1.19718E+3
1.37098E+4	1.19762E+3
1.37199E+4	1.19810E+3
1.37300E+4	1.19864E+3
1.37401E+4	1.19932E+3
1.37502E+4	1.19993E+3
1.37603E+4	1.20037E+3
1.37704E+4	1.20064E+3
1.37805E+4	1.20136E+3
1.37906E+4	1.20198E+3
1.38008E+4	1.20265E+3
1.38109E+4	1.20289E+3
1.38210E+4	1.20350E+3
1.38311E+4	1.20365E+3
1.38412E+4	1.20402E+3
1.38513E+4	1.20484E+3
1.38614E+4	1.20556E+3
1.38715E+4	1.20618E+3
1.38816E+4	1.20658E+3
1.38917E+4	1.20735E+3
1.39019E+4	1.20783E+3
1.39120E+4	1.20818E+3
1.39221E+4	1.20873E+3
1.39322E+4	1.20925E+3
1.39423E+4	1.20946E+3
1.39524E+4	1.21018E+3
1.39625E+4	1.21079E+3
1.39726E+4	1.21120E+3
1.39827E+4	1.21165E+3
1.39928E+4	1.21210E+3
1.40030E+4	1.21264E+3
1.40131E+4	1.21305E+3
1.40232E+4	1.21360E+3
1.40333E+4	1.21434E+3
1.40434E+4	1.21497E+3
1.40535E+4	1.21546E+3
1.40636E+4	1.21564E+3
1.40737E+4	1.21628E+3
1.40838E+4	1.21689E+3
1.40940E+4	1.21713E+3
1.41041E+4	1.21763E+3
1.41142E+4	1.21832E+3
1.41243E+4	1.21882E+3
1.41344E+4	1.21940E+3
1.41445E+4	1.21996E+3
1.41546E+4	1.22031E+3
1.41647E+4	1.22098E+3
1.41748E+4	1.22140E+3
1.41849E+4	1.22195E+3
1.41951E+4	1.22244E+3
1.42052E+4	1.22305E+3
1.42153E+4	1.22361E+3
1.42254E+4	1.22389E+3
1.42355E+4	1.22438E+3
1.42456E+4	1.22480E+3
1.42557E+4	1.22568E+3
1.42658E+4	1.22645E+3
1.42759E+4	1.22676E+3
1.42860E+4	1.22713E+3
1.42962E+4	1.22761E+3
1.43063E+4	1.22828E+3
1.43164E+4	1.22886E+3
1.43265E+4	1.22924E+3
1.43366E+4	1.22986E+3
1.43467E+4	1.23022E+3
1.43568E+4	1.23066E+3
1.43669E+4	1.23145E+3
1.43770E+4	1.23194E+3
1.43871E+4	1.23244E+3
1.43973E+4	1.23321E+3
1.44074E+4	1.23353E+3
1.44175E+4	1.23404E+3
1.44276E+4	1.23457E+3
1.44377E+4	1.23512E+3
1.44478E+4	1.23561E+3
1.44579E+4	1.23620E+3
1.44680E+4	1.23687E+3
1.44781E+4	1.23727E+3
1.44883E+4	1.23785E+3
1.44984E+4	1.23835E+3
1.45085E+4	1.23896E+3
1.45186E+4	1.23946E+3
1.45287E+4	1.23989E+3
1.45388E+4	1.24041E+3
1.45489E+4	1.24063E+3
1.45590E+4	1.24099E+3
1.45691E+4	1.24154E+3
1.45792E+4	1.24214E+3
1.45894E+4	1.24272E+3
1.45995E+4	1.24334E+3
1.46096E+4	1.24411E+3
1.46197E+4	1.24462E+3
1.46298E+4	1.24500E+3
1.46399E+4	1.24533E+3
1.46500E+4	1.24611E+3
1.46601E+4	1.24657E+3
1.46702E+4	1.24709E+3
1.46803E+4	1.24783E+3
1.46905E+4	1.24837E+3
1.47006E+4	1.24884E+3
1.47107E+4	1.24943E+3
1.47208E+4	1.24954E+3
1.47309E+4	1.24994E+3
1.47410E+4	1.25039E+3
1.47511E+4	1.25088E+3
1.47612E+4	1.25151E+3
1.47713E+4	1.25205E+3
1.47814E+4	1.25256E+3
1.47916E+4	1.25329E+3
1.48017E+4	1.25380E+3
1.48118E+4	1.25409E+3
1.48219E+4	1.25478E+3
1.48320E+4	1.25530E+3
1.48421E+4	1.25596E+3
1.48522E+4	1.25630E+3
1.48623E+4	1.25684E+3
1.48724E+4	1.25722E+3
1.48825E+4	1.25766E+3
1.48927E+4	1.25829E+3
1.49028E+4	1.25890E+3
1.49129E+4	1.25943E+3
1.49230E+4	1.25999E+3
1.49331E+4	1.26021E+3
1.49432E+4	1.26070E+3
1.49533E+4	1.26110E+3
1.49634E+4	1.26178E+3
1.49735E+4	1.26270E+3
1.49836E+4	1.26300E+3
1.49938E+4	1.26336E+3
1.50039E+4	1.26395E+3
1.50140E+4	1.26464E+3
1.50241E+4	1.26507E+3
1.50342E+4	1.26568E+3
1.50443E+4	1.26634E+3
1.50544E+4	1.26660E+3
1.50645E+4	1.26722E+3
1.50746E+4	1.26785E+3
1.50847E+4	1.26848E+3
1.50949E+4	1.26901E+3
1.51050E+4	1.26936E+3
1.51151E+4	1.26953E+3
1.51252E+4	1.27017E+3
1.51353E+4	1.27100E+3
1.51454E+4	1.27133E+3
1.51555E+4	1.27169E+3
1.51656E+4	1.27228E+3
1.51757E+4	1.27258E+3
1.51858E+4	1.27323E+3
1.51960E+4	1.27399E+3
1.52061E+4	1.27412E+3
1.52162E+4	1.27477E+3
1.52263E+4	1.27548E+3
1.52364E+4	1.27569E+3
1.52465E+4	1.27620E+3
1.52566E+4	1.27668E+3
1.52667E+4	1.27735E+3
1.52768E+4	1.27781E+3
1.52870E+4	1.27802E+3
1.52971E+4	1.27871E+3
1.53072E+4	1.27907E+3
1.53173E+4	1.27989E+3
1.53274E+4	1.28060E+3
1.53375E+4	1.28103E+3
1.53476E+4	1.28141E+3
1.53577E+4	1.28208E+3
1.53678E+4	1.28269E+3
1.53779E+4	1.28292E+3
1.53881E+4	1.28326E+3
1.53982E+4	1.28412E+3
1.54083E+4	1.28456E+3
1.54184E+4	1.28520E+3
1.54285E+4	1.28573E+3
1.54386E+4	1.28600E+3
1.54487E+4	1.28648E+3
1.54588E+4	1.28693E+3
1.54689E+4	1.28741E+3
1.54790E+4	1.28789E+3
1.54892E+4	1.28857E+3
1.54993E+4	1.28891E+3
1.55094E+4	1.28923E+3
1.55195E+4	1.28977E+3
1.55296E+4	1.29016E+3
1.55397E+4	1.29075E+3
1.55498E+4	1.29132E+3
1.55599E+4	1.29195E+3
1.55700E+4	1.29230E+3
1.55801E+4	1.29271E+3
1.55903E+4	1.29315E+3
1.56004E+4	1.29367E+3
1.56105E+4	1.29425E+3
1.56206E+4	1.29471E+3
1.56307E+4	1.29528E+3
1.56408E+4	1.29575E+3
1.56509E+4	1.29628E+3
1.56610E+4	1.29685E+3
1.56711E+4	1.29731E+3
1.56812E+4	1.29791E+3
1.56914E+4	1.29841E+3
1.57015E+4	1.29903E+3
1.57116E+4	1.29947E+3
1.57217E+4	1.29996E+3
1.57318E+4	1.30017E+3
1.57419E+4	1.30067E+3
1.57520E+4	1.30113E+3
1.57621E+4	1.30171E+3
1.57722E+4	1.30230E+3
1.57823E+4	1.30287E+3
1.57925E+4	1.30343E+3
1.58026E+4	1.30390E+3
1.58127E+4	1.30458E+3
1.58228E+4	1.30482E+3
1.58329E+4	1.30504E+3
1.58430E+4	1.30569E+3
1.58531E+4	1.30624E+3
1.58632E+4	1.30665E+3
1.58733E+4	1.30712E+3
1.58834E+4	1.30771E+3
1.58936E+4	1.30813E+3
1.59037E+4	1.30857E+3
1.59138E+4	1.30907E+3
1.59239E+4	1.30959E+3
1.59340E+4	1.31021E+3
1.59441E+4	1.31078E+3
1.59542E+4	1.31144E+3
1.59643E+4	1.31185E+3
1.59744E+4	1.31223E+3
1.59845E+4	1.31261E+3
1.59947E+4	1.31312E+3
1.60048E+4	1.31340E+3
1.60149E+4	1.31408E+3
1.60250E+4	1.31447E+3
1.60351E+4	1.31508E+3
1.60452E+4	1.31558E+3
1.60553E+4	1.31617E+3
1.60654E+4	1.31678E+3
1.60755E+4	1.31715E+3
1.60856E+4	1.31753E+3
1.60958E+4	1.31810E+3
1.61059E+4	1.31861E+3
1.61160E+4	1.31929E+3
1.61261E+4	1.31962E+3
1.61362E+4	1.32009E+3
1.61463E+4	1.32053E+3
1.61564E+4	1.32117E+3
1.61665E+4	1.32163E+3
1.61766E+4	1.32225E+3
1.61867E+4	1.32263E+3
1.61969E+4	1.32305E+3
1.62070E+4	1.32348E+3
1.62171E+4	1.32397E+3
1.62272E+4	1.32428E+3
1.62373E+4	1.32489E+3
1.62474E+4	1.32556E+3
1.62575E+4	1.32600E+3
1.62676E+4	1.32668E+3
1.62777E+4	1.32709E+3
1.62878E+4	1.32753E+3
1.62980E+4	1.32802E+3
1.63081E+4	1.32857E+3
1.63182E+4	1.32905E+3
1.63283E+4	1.32957E+3
1.63384E+4	1.33031E+3
1.63485E+4	1.33063E+3
1.63586E+4	1.33103E+3
1.63687E+4	1.33139E+3
1.63788E+4	1.33203E+3
1.63889E+4	1.33239E+3
1.63991E+4	1.33290E+3
1.64092E+4	1.33355E+3
1.64193E+4	1.33409E+3
1.64294E+4	1.33466E+3
1.64395E+4	1.33488E+3
1.64496E+4	1.33538E+3
1.64597E+4	1.33589E+3
1.64698E+4	1.33641E+3
1.64799E+4	1.33679E+3
1.64900E+4	1.33742E+3
1.65002E+4	1.33786E+3
1.65103E+4	1.33861E+3
1.65204E+4	1.33912E+3
1.65305E+4	1.33946E+3
1.65406E+4	1.34019E+3
1.65507E+4	1.34056E+3
1.65608E+4	1.34103E+3
1.65709E+4	1.34144E+3
1.65810E+4	1.34203E+3
1.65911E+4	1.34233E+3
1.66013E+4	1.34279E+3
1.66114E+4	1.34336E+3
1.66215E+4	1.34388E+3
1.66316E+4	1.34453E+3
1.66417E+4	1.34491E+3
1.66518E+4	1.34552E+3
1.66619E+4	1.34596E+3
1.66720E+4	1.34673E+3
1.66821E+4	1.34726E+3
1.66923E+4	1.34774E+3
1.67024E+4	1.34794E+3
1.67125E+4	1.34850E+3
1.67226E+4	1.34906E+3
1.67327E+4	1.34962E+3
1.67428E+4	1.35004E+3
1.67529E+4	1.35070E+3
1.67630E+4	1.35121E+3
1.67731E+4	1.35167E+3
1.67832E+4	1.35219E+3
1.67934E+4	1.35275E+3
1.68035E+4	1.35318E+3
1.68136E+4	1.35358E+3
1.68237E+4	1.35413E+3
1.68338E+4	1.35468E+3
1.68439E+4	1.35476E+3
1.68540E+4	1.35540E+3
1.68641E+4	1.35597E+3
1.68742E+4	1.35638E+3
1.68843E+4	1.35697E+3
1.68945E+4	1.35757E+3
1.69046E+4	1.35819E+3
1.69147E+4	1.35859E+3
1.69248E+4	1.35912E+3
1.69349E+4	1.35961E+3
1.69450E+4	1.36005E+3
1.69551E+4	1.36053E+3
1.69652E+4	1.36111E+3
1.69753E+4	1.36154E+3
1.69855E+4	1.36200E+3
1.69956E+4	1.36236E+3
1.70057E+4	1.36285E+3
1.70158E+4	1.36361E+3
1.70259E+4	1.36419E+3
1.70360E+4	1.36469E+3
1.70461E+4	1.36505E+3
1.70562E+4	1.36546E+3
1.70663E+4	1.36616E+3
1.70764E+4	1.36649E+3
1.70866E+4	1.36691E+3
1.70967E+4	1.36740E+3
1.71068E+4	1.36784E+3
1.71169E+4	1.36874E+3
1.71270E+4	1.36923E+3
1.71371E+4	1.36949E+3
1.71472E+4	1.36994E+3
1.71573E+4	1.37051E+3
1.71674E+4	1.37114E+3
1.71775E+4	1.37165E+3
1.71877E+4	1.37223E+3
1.71978E+4	1.37292E+3
1.72079E+4	1.37323E+3
1.72180E+4	1.37375E+3
1.72281E+4	1.37423E+3
1.72382E+4	1.37463E+3
1.72483E+4	1.37524E+3
1.72584E+4	1.37571E+3
1.72685E+4	1.37626E+3
1.72786E+4	1.37676E+3
1.72888E+4	1.37723E+3
1.72989E+4	1.37767E+3
1.73090E+4	1.37816E+3
1.73191E+4	1.37868E+3
1.73292E+4	1.37911E+3
1.73393E+4	1.37942E+3
1.73494E+4	1.37997E+3
1.73595E+4	1.38044E+3
1.73696E+4	1.38092E+3
1.73797E+4	1.38139E+3
1.73899E+4	1.38190E+3
1.74000E+4	1.38259E+3
1.74101E+4	1.38322E+3
1.74202E+4	1.38371E+3
1.74303E+4	1.38438E+3
1.74404E+4	1.38488E+3
1.74505E+4	1.38543E+3
1.74606E+4	1.38580E+3
1.74707E+4	1.38626E+3
1.74809E+4	1.38678E+3
1.74910E+4	1.38748E+3
1.75011E+4	1.38790E+3
1.75112E+4	1.38821E+3
1.75213E+4	1.38862E+3
1.75314E+4	1.38935E+3
1.75415E+4	1.38978E+3
1.75516E+4	1.39034E+3
1.75617E+4	1.39089E+3
1.75718E+4	1.39140E+3
1.75820E+4	1.39188E+3
1.75921E+4	1.39250E+3
1.76022E+4	1.39313E+3
1.76123E+4	1.39357E+3
1.76224E+4	1.39407E+3
1.76325E+4	1.39462E+3
1.76426E+4	1.39513E+3
1.76527E+4	1.39569E+3
1.76628E+4	1.39610E+3
1.76729E+4	1.39657E+3
1.76831E+4	1.39722E+3
1.76932E+4	1.39776E+3
1.77033E+4	1.39826E+3
1.77134E+4	1.39882E+3
1.77235E+4	1.39928E+3
1.77336E+4	1.39974E+3
1.77437E+4	1.40015E+3
1.77538E+4	1.40074E+3
1.77639E+4	1.40128E+3
1.77740E+4	1.40172E+3
1.77842E+4	1.40225E+3
1.77943E+4	1.40270E+3
1.78044E+4	1.40329E+3
1.78145E+4	1.40383E+3
1.78246E+4	1.40425E+3
1.78347E+4	1.40454E+3
1.78448E+4	1.40511E+3
1.78549E+4	1.40593E+3
1.78650E+4	1.40633E+3
1.78751E+4	1.40689E+3
1.78853E+4	1.40730E+3
1.78954E+4	1.40775E+3
1.79055E+4	1.40828E+3
1.79156E+4	1.40875E+3
1.79257E+4	1.40942E+3
1.79358E+4	1.40995E+3
1.79459E+4	1.41032E+3
1.79560E+4	1.41095E+3
1.79661E+4	1.41166E+3
1.79762E+4	1.41211E+3
1.79864E+4	1.41271E+3
1.79965E+4	1.41318E+3
1.80066E+4	1.41369E+3
1.80167E+4	1.41427E+3
1.80268E+4	1.41463E+3
1.80369E+4	1.41517E+3
1.80470E+4	1.41580E+3
1.80571E+4	1.41627E+3
1.80672E+4	1.41684E+3
1.80773E+4	1.41734E+3
1.80875E+4	1.41795E+3
1.80976E+4	1.41839E+3
1.81077E+4	1.41891E+3
1.81178E+4	1.41939E+3
1.81279E+4	1.41985E+3
1.81380E+4	1.42044E+3
1.81481E+4	1.42100E+3
1.81582E+4	1.42139E+3
1.81683E+4	1.42196E+3
1.81784E+4	1.42242E+3
1.81886E+4	1.42295E+3
1.81987E+4	1.42350E+3
1.82088E+4	1.42411E+3
1.82189E+4	1.42462E+3
1.82290E+4	1.42509E+3
1.82391E+4	1.42567E+3
1.82492E+4	1.42615E+3
1.82593E+4	1.42670E+3
1.82694E+4	1.42722E+3
1.82795E+4	1.42786E+3
1.82897E+4	1.42827E+3
1.82998E+4	1.42878E+3
1.83099E+4	1.42924E+3
1.83200E+4	1.42995E+3
1.83301E+4	1.43038E+3
1.83402E+4	1.43078E+3
1.83503E+4	1.43139E+3
1.83604E+4	1.43180E+3
1.83705E+4	1.43253E+3
1.83806E+4	1.43303E+3
1.83908E+4	1.43352E+3
1.84009E+4	1.43400E+3
1.84110E+4	1.43450E+3
1.84211E+4	1.43513E+3
1.84312E+4	1.43575E+3
1.84413E+4	1.43616E+3
1.84514E+4	1.43668E+3
1.84615E+4	1.43727E+3
1.84716E+4	1.43785E+3
1.84818E+4	1.43833E+3
1.84919E+4	1.43895E+3
1.85020E+4	1.43936E+3
1.85121E+4	1.43995E+3
1.85222E+4	1.44049E+3
1.85323E+4	1.44096E+3
1.85424E+4	1.44160E+3
1.85525E+4	1.44213E+3
1.85626E+4	1.44265E+3
1.85727E+4	1.44319E+3
1.85829E+4	1.44363E+3
1.85930E+4	1.44421E+3
1.86031E+4	1.44481E+3
1.86132E+4	1.44529E+3
1.86233E+4	1.44591E+3
1.86334E+4	1.44637E+3
1.86435E+4	1.44688E+3
1.86536E+4	1.44748E+3
1.86637E+4	1.44799E+3
1.86738E+4	1.44833E+3
1.86840E+4	1.44869E+3
1.86941E+4	1.44932E+3
1.87042E+4	1.44969E+3
1.87143E+4	1.45041E+3
1.87244E+4	1.45060E+3
1.87345E+4	1.45098E+3
1.87446E+4	1.45149E+3
1.87547E+4	1.45172E+3
1.87648E+4	1.45186E+3
1.87749E+4	1.45209E+3
1.87851E+4	1.45231E+3
1.87952E+4	1.45263E+3
1.88053E+4	1.45305E+3
1.88154E+4	1.45311E+3
1.88255E+4	1.45344E+3
1.88356E+4	1.45369E+3
1.88457E+4	1.45388E+3
1.88558E+4	1.45412E+3
1.88659E+4	1.45434E+3
1.88761E+4	1.45454E+3
1.88862E+4	1.45470E+3
1.88963E+4	1.45476E+3
1.89064E+4	1.45497E+3
1.89165E+4	1.45507E+3
1.89266E+4	1.45528E+3
1.89367E+4	1.45545E+3
1.89468E+4	1.45555E+3
1.89569E+4	1.45573E+3
1.89670E+4	1.45575E+3
1.89772E+4	1.45590E+3
1.89873E+4	1.45600E+3
1.89974E+4	1.45614E+3
1.90075E+4	1.45622E+3
1.90176E+4	1.45638E+3
1.90277E+4	1.45652E+3
1.90378E+4	1.45651E+3
1.90479E+4	1.45648E+3
1.90580E+4	1.45655E+3
1.90681E+4	1.45676E+3
1.90783E+4	1.45670E+3
1.90884E+4	1.45678E+3
1.90985E+4	1.45684E+3
1.91086E+4	1.45692E+3
1.91187E+4	1.45688E+3
1.91288E+4	1.45710E+3
1.91389E+4	1.45704E+3
1.91490E+4	1.45702E+3
1.91591E+4	1.45717E+3
1.91692E+4	1.45719E+3
1.91794E+4	1.45724E+3
1.91895E+4	1.45728E+3
1.91996E+4	1.45737E+3
1.92097E+4	1.45736E+3
1.92198E+4	1.45739E+3
1.92299E+4	1.45739E+3
1.92400E+4	1.45754E+3
1.92501E+4	1.45749E+3
1.92602E+4	1.45750E+3
1.92704E+4	1.45759E+3
1.92805E+4	1.45754E+3
1.92906E+4	1.45764E+3
1.93007E+4	1.45784E+3
1.93108E+4	1.45808E+3
1.93209E+4	1.45813E+3
1.93310E+4	1.45799E+3
1.93411E+4	1.45810E+3
1.93512E+4	1.45794E+3
1.93613E+4	1.45757E+3
1.93715E+4	1.45728E+3
1.93816E+4	1.45700E+3
1.93917E+4	1.45680E+3
1.94018E+4	1.45653E+3
1.94119E+4	1.45631E+3
1.94220E+4	1.45605E+3
1.94321E+4	1.45563E+3
1.94422E+4	1.45527E+3
1.94523E+4	1.45489E+3
1.94625E+4	1.45459E+3
1.94726E+4	1.45420E+3
1.94827E+4	1.45376E+3
1.94928E+4	1.45331E+3
1.95029E+4	1.45284E+3
1.95130E+4	1.45237E+3
1.95231E+4	1.45188E+3
1.95332E+4	1.45140E+3
1.95433E+4	1.45095E+3
1.95534E+4	1.45042E+3
1.95636E+4	1.44995E+3
1.95737E+4	1.44933E+3
1.95838E+4	1.44877E+3
1.95939E+4	1.44836E+3
1.96040E+4	1.44778E+3
1.96141E+4	1.44728E+3
1.96242E+4	1.44676E+3
1.96343E+4	1.44615E+3
1.96444E+4	1.44556E+3
1.96546E+4	1.44496E+3
1.96647E+4	1.44443E+3
1.96748E+4	1.44382E+3
1.96849E+4	1.44325E+3
1.96950E+4	1.44273E+3
1.97051E+4	1.44203E+3
1.97152E+4	1.44143E+3
1.97253E+4	1.44088E+3
1.97354E+4	1.44025E+3
1.97456E+4	1.43960E+3
1.97557E+4	1.43900E+3
1.97658E+4	1.43834E+3
1.97759E+4	1.43778E+3
1.97860E+4	1.43704E+3
1.97961E+4	1.43644E+3
1.98062E+4	1.43578E+3
1.98163E+4	1.43524E+3
1.98264E+4	1.43456E+3
1.98365E+4	1.43396E+3
1.98467E+4	1.43323E+3
1.98568E+4	1.43249E+3
1.98669E+4	1.43190E+3
1.98770E+4	1.43125E+3
1.98871E+4	1.43058E+3
1.98972E+4	1.42986E+3
1.99073E+4	1.42936E+3
1.99174E+4	1.42865E+3
1.99275E+4	1.42809E+3
1.99377E+4	1.42741E+3
1.99478E+4	1.42688E+3
1.99579E+4	1.42615E+3
1.99680E+4	1.42546E+3
1.99781E+4	1.42469E+3
1.99882E+4	1.42404E+3
1.99983E+4	1.42336E+3
2.00084E+4	1.42283E+3
2.00185E+4	1.42220E+3
2.00286E+4	1.42150E+3
2.00388E+4	1.42084E+3
2.00489E+4	1.42008E+3
2.00590E+4	1.41947E+3
2.00691E+4	1.41875E+3
2.00792E+4	1.41811E+3
2.00893E+4	1.41760E+3
2.00994E+4	1.41691E+3
2.01095E+4	1.41628E+3
2.01196E+4	1.41562E+3
2.01298E+4	1.41484E+3
2.01399E+4	1.41415E+3
2.01500E+4	1.41346E+3
2.01601E+4	1.41286E+3
2.01702E+4	1.41214E+3
2.01803E+4	1.41155E+3
2.01904E+4	1.41085E+3
2.02005E+4	1.41014E+3
2.02106E+4	1.40952E+3
2.02207E+4	1.40886E+3
2.02309E+4	1.40811E+3
2.02410E+4	1.40749E+3
2.02511E+4	1.40683E+3
2.02612E+4	1.40631E+3
2.02713E+4	1.40578E+3
2.02814E+4	1.40522E+3
2.02915E+4	1.40459E+3
2.03016E+4	1.40392E+3
2.03117E+4	1.40319E+3
2.03219E+4	1.40254E+3
2.03320E+4	1.40197E+3
2.03421E+4	1.40137E+3
2.03522E+4	1.40061E+3
2.03623E+4	1.39990E+3
2.03724E+4	1.39931E+3
2.03825E+4	1.39870E+3
2.03926E+4	1.39797E+3
2.04027E+4	1.39740E+3
2.04128E+4	1.39677E+3
2.04230E+4	1.39623E+3
2.04331E+4	1.39557E+3
2.04432E+4	1.39476E+3
2.04533E+4	1.39404E+3
2.04634E+4	1.39346E+3
2.04735E+4	1.39284E+3
2.04836E+4	1.39226E+3
2.04937E+4	1.39164E+3
2.05038E+4	1.39109E+3
2.05140E+4	1.39046E+3
2.05241E+4	1.38965E+3
2.05342E+4	1.38892E+3
2.05443E+4	1.38844E+3
2.05544E+4	1.38777E+3
2.05645E+4	1.38720E+3
2.05746E+4	1.38669E+3
2.05847E+4	1.38596E+3
2.05948E+4	1.38530E+3
2.06049E+4	1.38462E+3
2.06151E+4	1.38390E+3
2.06252E+4	1.38346E+3
2.06353E+4	1.38266E+3
2.06454E+4	1.38208E+3
2.06555E+4	1.38145E+3
2.06656E+4	1.38080E+3
2.06757E+4	1.38019E+3
2.06858E+4	1.37954E+3
2.06959E+4	1.37884E+3
2.07061E+4	1.37813E+3
2.07162E+4	1.37744E+3
2.07263E+4	1.37662E+3
2.07364E+4	1.37617E+3
2.07465E+4	1.37553E+3
2.07566E+4	1.37488E+3
2.07667E+4	1.37435E+3
2.07768E+4	1.37374E+3
2.07869E+4	1.37328E+3
2.07971E+4	1.37251E+3
2.08072E+4	1.37181E+3
2.08173E+4	1.37138E+3
2.08274E+4	1.37075E+3
2.08375E+4	1.37004E+3
2.08476E+4	1.36945E+3
2.08577E+4	1.36876E+3
2.08678E+4	1.36810E+3
2.08779E+4	1.36750E+3
2.08881E+4	1.36689E+3
2.08982E+4	1.36627E+3
2.09083E+4	1.36559E+3
2.09184E+4	1.36495E+3
2.09285E+4	1.36442E+3
2.09386E+4	1.36389E+3
2.09487E+4	1.36334E+3
2.09588E+4	1.36261E+3
2.09689E+4	1.36179E+3
2.09790E+4	1.36111E+3
2.09892E+4	1.36047E+3
2.09993E+4	1.35982E+3
2.10094E+4	1.35913E+3
2.10195E+4	1.35863E+3
2.10296E+4	1.35787E+3
2.10397E+4	1.35726E+3
2.10498E+4	1.35672E+3
2.10599E+4	1.35613E+3
2.10700E+4	1.35554E+3
2.10802E+4	1.35493E+3
2.10903E+4	1.35436E+3
2.11004E+4	1.35373E+3
2.11105E+4	1.35301E+3
2.11206E+4	1.35245E+3
2.11307E+4	1.35179E+3
2.11408E+4	1.35109E+3
2.11509E+4	1.35033E+3
2.11610E+4	1.34980E+3
2.11711E+4	1.34916E+3
2.11813E+4	1.34855E+3
2.11914E+4	1.34809E+3
2.12015E+4	1.34748E+3
2.12116E+4	1.34678E+3
2.12217E+4	1.34612E+3
2.12318E+4	1.34549E+3
2.12419E+4	1.34503E+3
2.12520E+4	1.34423E+3
2.12621E+4	1.34369E+3
2.12723E+4	1.34305E+3
2.12824E+4	1.34233E+3
2.12925E+4	1.34187E+3
2.13026E+4	1.34139E+3
2.13127E+4	1.34057E+3
2.13228E+4	1.34014E+3
2.13329E+4	1.33945E+3
2.13430E+4	1.33894E+3
2.13531E+4	1.33816E+3
2.13632E+4	1.33757E+3
2.13734E+4	1.33694E+3
2.13835E+4	1.33624E+3
2.13936E+4	1.33569E+3
2.14037E+4	1.33500E+3
2.14138E+4	1.33436E+3
2.14239E+4	1.33373E+3
2.14340E+4	1.33323E+3
2.14441E+4	1.33271E+3
2.14542E+4	1.33202E+3
2.14644E+4	1.33152E+3
2.14745E+4	1.33075E+3
2.14846E+4	1.33017E+3
2.14947E+4	1.32954E+3
2.15048E+4	1.32879E+3
2.15149E+4	1.32825E+3
2.15250E+4	1.32753E+3
2.15351E+4	1.32717E+3
2.15452E+4	1.32661E+3
2.15553E+4	1.32593E+3
2.15655E+4	1.32525E+3
2.15756E+4	1.32471E+3
2.15857E+4	1.32409E+3
2.15958E+4	1.32334E+3
2.16059E+4	1.32262E+3
2.16160E+4	1.32203E+3
2.16261E+4	1.32135E+3
2.16362E+4	1.32080E+3
2.16463E+4	1.32028E+3
2.16565E+4	1.31978E+3
2.16666E+4	1.31918E+3
2.16767E+4	1.31855E+3
2.16868E+4	1.31791E+3
2.16969E+4	1.31721E+3
2.17070E+4	1.31673E+3
2.17171E+4	1.31608E+3
2.17272E+4	1.31528E+3
2.17373E+4	1.31449E+3
2.17474E+4	1.31413E+3
2.17576E+4	1.31355E+3
2.17677E+4	1.31286E+3
2.17778E+4	1.31207E+3
2.17879E+4	1.31139E+3
2.17980E+4	1.31086E+3
2.18081E+4	1.31016E+3
2.18182E+4	1.30948E+3
2.18283E+4	1.30908E+3
2.18384E+4	1.30840E+3
2.18486E+4	1.30763E+3
2.18587E+4	1.30695E+3
2.18688E+4	1.30624E+3
2.18789E+4	1.30587E+3
2.18890E+4	1.30531E+3
2.18991E+4	1.30456E+3
2.19092E+4	1.30412E+3
2.19193E+4	1.30343E+3
2.19294E+4	1.30271E+3
2.19395E+4	1.30215E+3
2.19497E+4	1.30153E+3
2.19598E+4	1.30081E+3
2.19699E+4	1.30020E+3
2.19800E+4	1.29961E+3
2.19901E+4	1.29916E+3
2.20002E+4	1.29843E+3
2.20103E+4	1.29759E+3
2.20204E+4	1.29701E+3
2.20305E+4	1.29639E+3
2.20407E+4	1.29598E+3
2.20508E+4	1.29530E+3
2.20609E+4	1.29470E+3
2.20710E+4	1.29422E+3
2.20811E+4	1.29382E+3
2.20912E+4	1.29312E+3
2.21013E+4	1.29245E+3
2.21114E+4	1.29174E+3
2.21215E+4	1.29116E+3
2.21317E+4	1.29051E+3
2.21418E+4	1.28994E+3
2.21519E+4	1.28916E+3
2.21620E+4	1.28849E+3
2.21721E+4	1.28810E+3
2.21822E+4	1.28735E+3
2.21923E+4	1.28698E+3
2.22024E+4	1.28611E+3
2.22125E+4	1.28568E+3
2.22226E+4	1.28526E+3
2.22328E+4	1.28458E+3
2.22429E+4	1.28394E+3
2.22530E+4	1.28315E+3
2.22631E+4	1.28260E+3
2.22732E+4	1.28186E+3
2.22833E+4	1.28137E+3
2.22934E+4	1.28075E+3
2.23035E+4	1.28015E+3
2.23136E+4	1.27964E+3
2.23237E+4	1.27884E+3
2.23339E+4	1.27808E+3
2.23440E+4	1.27749E+3
2.23541E+4	1.27690E+3
2.23642E+4	1.27623E+3
2.23743E+4	1.27547E+3
2.23844E+4	1.27497E+3
2.23945E+4	1.27444E+3
2.24046E+4	1.27379E+3
2.24147E+4	1.27299E+3
2.24249E+4	1.27249E+3
2.24350E+4	1.27171E+3
2.24451E+4	1.27134E+3
2.24552E+4	1.27076E+3
2.24653E+4	1.26997E+3
2.24754E+4	1.26963E+3
2.24855E+4	1.26932E+3
2.24956E+4	1.26862E+3
2.25057E+4	1.26786E+3
2.25159E+4	1.26714E+3
2.25260E+4	1.26635E+3
2.25361E+4	1.26588E+3
2.25462E+4	1.26528E+3
2.25563E+4	1.26445E+3
2.25664E+4	1.26394E+3
2.25765E+4	1.26353E+3
2.25866E+4	1.26272E+3
2.25967E+4	1.26216E+3
2.26068E+4	1.26145E+3
2.26170E+4	1.26063E+3
2.26271E+4	1.26004E+3
2.26372E+4	1.25952E+3
2.26473E+4	1.25885E+3
2.26574E+4	1.25823E+3
2.26675E+4	1.25749E+3
2.26776E+4	1.25674E+3
2.26877E+4	1.25628E+3
2.26978E+4	1.25583E+3
2.27080E+4	1.25528E+3
2.27181E+4	1.25445E+3
2.27282E+4	1.25385E+3
2.27383E+4	1.25336E+3
2.27484E+4	1.25259E+3
2.27585E+4	1.25194E+3
2.27686E+4	1.25128E+3
2.27787E+4	1.25068E+3
2.27888E+4	1.25029E+3
2.27989E+4	1.24962E+3
2.28091E+4	1.24912E+3
2.28192E+4	1.24865E+3
2.28293E+4	1.24799E+3
2.28394E+4	1.24717E+3
2.28495E+4	1.24657E+3
2.28596E+4	1.24581E+3
2.28697E+4	1.24515E+3
2.28798E+4	1.24459E+3
2.28899E+4	1.24406E+3
2.29001E+4	1.24361E+3
2.29102E+4	1.24285E+3
2.29203E+4	1.24232E+3
2.29304E+4	1.24151E+3
2.29405E+4	1.24093E+3
2.29506E+4	1.24024E+3
2.29607E+4	1.23960E+3
2.29708E+4	1.23914E+3
2.29809E+4	1.23854E+3
2.29911E+4	1.23775E+3
2.30012E+4	1.23721E+3
2.30113E+4	1.23663E+3
2.30214E+4	1.23596E+3
2.30315E+4	1.23526E+3
2.30416E+4	1.23484E+3
2.30517E+4	1.23407E+3
2.30618E+4	1.23331E+3
2.30719E+4	1.23250E+3
2.30820E+4	1.23208E+3
2.30922E+4	1.23163E+3
2.31023E+4	1.23112E+3
2.31124E+4	1.23045E+3
2.31225E+4	1.22987E+3
2.31326E+4	1.22920E+3
2.31427E+4	1.22845E+3
2.31528E+4	1.22796E+3
2.31629E+4	1.22732E+3
2.31730E+4	1.22673E+3
2.31832E+4	1.22639E+3
2.31933E+4	1.22562E+3
2.32034E+4	1.22480E+3
2.32135E+4	1.22444E+3
2.32236E+4	1.22401E+3
2.32337E+4	1.22330E+3
2.32438E+4	1.22266E+3
2.32539E+4	1.22214E+3
2.32640E+4	1.22156E+3
2.32741E+4	1.22088E+3
2.32843E+4	1.22023E+3
2.32944E+4	1.21940E+3
2.33045E+4	1.21874E+3
2.33146E+4	1.21836E+3
2.33247E+4	1.21792E+3
2.33348E+4	1.21701E+3
2.33449E+4	1.21625E+3
2.33550E+4	1.21561E+3
2.33651E+4	1.21523E+3
2.33753E+4	1.21461E+3
2.33854E+4	1.21390E+3
2.33955E+4	1.21327E+3
2.34056E+4	1.21244E+3
2.34157E+4	1.21174E+3
2.34258E+4	1.21100E+3
2.34359E+4	1.21042E+3
2.34460E+4	1.20974E+3
2.34561E+4	1.20908E+3
2.34662E+4	1.20833E+3
2.34764E+4	1.20790E+3
2.34865E+4	1.20746E+3
2.34966E+4	1.20695E+3
2.35067E+4	1.20623E+3
2.35168E+4	1.20560E+3
2.35269E+4	1.20470E+3
2.35370E+4	1.20416E+3
2.35471E+4	1.20355E+3
2.35572E+4	1.20313E+3
2.35673E+4	1.20250E+3
2.35775E+4	1.20169E+3
2.35876E+4	1.20117E+3
2.35977E+4	1.20049E+3
2.36078E+4	1.19989E+3
2.36179E+4	1.19929E+3
2.36280E+4	1.19860E+3
2.36381E+4	1.19815E+3
2.36482E+4	1.19756E+3
2.36583E+4	1.19711E+3
2.36685E+4	1.19627E+3
2.36786E+4	1.19565E+3
2.36887E+4	1.19487E+3
2.36988E+4	1.19425E+3
2.37089E+4	1.19372E+3
2.37190E+4	1.19301E+3
2.37291E+4	1.19258E+3
2.37392E+4	1.19196E+3
2.37493E+4	1.19116E+3
2.37594E+4	1.19046E+3
2.37696E+4	1.18966E+3
2.37797E+4	1.18905E+3
2.37898E+4	1.18849E+3
2.37999E+4	1.18778E+3
2.38100E+4	1.18709E+3
2.38201E+4	1.18666E+3
2.38302E+4	1.18621E+3
2.38403E+4	1.18552E+3
2.38504E+4	1.18485E+3
2.38606E+4	1.18413E+3
2.38707E+4	1.18372E+3
2.38808E+4	1.18313E+3
2.38909E+4	1.18217E+3
2.39010E+4	1.18177E+3
2.39111E+4	1.18127E+3
2.39212E+4	1.18074E+3
2.39313E+4	1.17998E+3
2.39414E+4	1.17938E+3
2.39515E+4	1.17875E+3
2.39617E+4	1.17795E+3
2.39718E+4	1.17735E+3
2.39819E+4	1.17690E+3
2.39920E+4	1.17617E+3
2.40021E+4	1.17540E+3
2.40122E+4	1.17498E+3
2.40223E+4	1.17425E+3
2.40324E+4	1.17363E+3
2.40425E+4	1.17271E+3
2.40527E+4	1.17216E+3
2.40628E+4	1.17155E+3
2.40729E+4	1.17085E+3
2.40830E+4	1.17022E+3
2.40931E+4	1.16981E+3
2.41032E+4	1.16913E+3
2.41133E+4	1.16848E+3
2.41234E+4	1.16793E+3
2.41335E+4	1.16724E+3
2.41436E+4	1.16647E+3
2.41538E+4	1.16576E+3
2.41639E+4	1.16515E+3
2.41740E+4	1.16464E+3
2.41841E+4	1.16394E+3
2.41942E+4	1.16336E+3
2.42043E+4	1.16285E+3
2.42144E+4	1.16232E+3
2.42245E+4	1.16156E+3
2.42346E+4	1.16074E+3
2.42448E+4	1.16026E+3
2.42549E+4	1.15937E+3
2.42650E+4	1.15898E+3
2.42751E+4	1.15845E+3
2.42852E+4	1.15795E+3
2.42953E+4	1.15718E+3
2.43054E+4	1.15634E+3
2.43155E+4	1.15574E+3
2.43256E+4	1.15509E+3
2.43357E+4	1.15449E+3
2.43459E+4	1.15388E+3
2.43560E+4	1.15316E+3
2.43661E+4	1.15270E+3
2.43762E+4	1.15226E+3
2.43863E+4	1.15158E+3
2.43964E+4	1.15075E+3
2.44065E+4	1.15022E+3
2.44166E+4	1.14965E+3
2.44267E+4	1.14907E+3
2.44369E+4	1.14862E+3
2.44470E+4	1.14780E+3
2.44571E+4	1.14695E+3
2.44672E+4	1.14618E+3
2.44773E+4	1.14554E+3
2.44874E+4	1.14502E+3
2.44975E+4	1.14433E+3
2.45076E+4	1.14380E+3
2.45177E+4	1.14329E+3
2.45278E+4	1.14282E+3
2.45380E+4	1.14212E+3
2.45481E+4	1.14126E+3
2.45582E+4	1.14072E+3
2.45683E+4	1.14008E+3
2.45784E+4	1.13932E+3
2.45885E+4	1.13878E+3
2.45986E+4	1.13792E+3
2.46087E+4	1.13728E+3
2.46188E+4	1.13670E+3
2.46290E+4	1.13584E+3
2.46391E+4	1.13531E+3
2.46492E+4	1.13473E+3
2.46593E+4	1.13433E+3
2.46694E+4	1.13367E+3
2.46795E+4	1.13292E+3
2.46896E+4	1.13222E+3
2.46997E+4	1.13152E+3
2.47098E+4	1.13118E+3
2.47199E+4	1.13040E+3
2.47301E+4	1.12972E+3
2.47402E+4	1.12906E+3
2.47503E+4	1.12840E+3
2.47604E+4	1.12790E+3
2.47705E+4	1.12718E+3
2.47806E+4	1.12672E+3
2.47907E+4	1.12618E+3
2.48008E+4	1.12553E+3
2.48109E+4	1.12498E+3
2.48211E+4	1.12427E+3
2.48312E+4	1.12334E+3
2.48413E+4	1.12279E+3
2.48514E+4	1.12232E+3
2.48615E+4	1.12179E+3
2.48716E+4	1.12103E+3
2.48817E+4	1.12030E+3
2.48918E+4	1.11964E+3
2.49019E+4	1.11918E+3
2.49120E+4	1.11850E+3
2.49222E+4	1.11779E+3
2.49323E+4	1.11740E+3
2.49424E+4	1.11666E+3
2.49525E+4	1.11596E+3
2.49626E+4	1.11513E+3
2.49727E+4	1.11459E+3
2.49828E+4	1.11391E+3
2.49929E+4	1.11327E+3
2.50030E+4	1.11255E+3
2.50132E+4	1.11190E+3
2.50233E+4	1.11125E+3
2.50334E+4	1.11053E+3
2.50435E+4	1.11003E+3
2.50536E+4	1.10920E+3
2.50637E+4	1.10831E+3
2.50738E+4	1.10786E+3
2.50839E+4	1.10751E+3
2.50940E+4	1.10695E+3
2.51041E+4	1.10634E+3
2.51143E+4	1.10566E+3
2.51244E+4	1.10496E+3
2.51345E+4	1.10429E+3
2.51446E+4	1.10375E+3
2.51547E+4	1.10318E+3
2.51648E+4	1.10253E+3
2.51749E+4	1.10194E+3
2.51850E+4	1.10125E+3
2.51951E+4	1.10066E+3
2.52053E+4	1.10006E+3
2.52154E+4	1.09932E+3
2.52255E+4	1.09848E+3
2.52356E+4	1.09793E+3
2.52457E+4	1.09746E+3
2.52558E+4	1.09658E+3
2.52659E+4	1.09603E+3
2.52760E+4	1.09539E+3
2.52861E+4	1.09482E+3
2.52962E+4	1.09409E+3
2.53064E+4	1.09353E+3
2.53165E+4	1.09275E+3
2.53266E+4	1.09198E+3
2.53367E+4	1.09142E+3
2.53468E+4	1.09067E+3
2.53569E+4	1.09006E+3
2.53670E+4	1.08955E+3
2.53771E+4	1.08896E+3
2.53872E+4	1.08836E+3
2.53974E+4	1.08760E+3
2.54075E+4	1.08686E+3
2.54176E+4	1.08617E+3
2.54277E+4	1.08564E+3
2.54378E+4	1.08494E+3
2.54479E+4	1.08420E+3
2.54580E+4	1.08390E+3
2.54681E+4	1.08325E+3
2.54782E+4	1.08259E+3
2.54884E+4	1.08193E+3
2.54985E+4	1.08118E+3
2.55086E+4	1.08060E+3
2.55187E+4	1.07995E+3
2.55288E+4	1.07941E+3
2.55389E+4	1.07892E+3
2.55490E+4	1.07810E+3
2.55591E+4	1.07754E+3
2.55692E+4	1.07687E+3
2.55793E+4	1.07627E+3
2.55895E+4	1.07568E+3
2.55996E+4	1.07502E+3
2.56097E+4	1.07434E+3
2.56198E+4	1.07354E+3
2.56299E+4	1.07272E+3
2.56400E+4	1.07206E+3
2.56501E+4	1.07167E+3
2.56602E+4	1.07092E+3
2.56703E+4	1.07006E+3
2.56805E+4	1.06925E+3
2.56906E+4	1.06855E+3
2.57007E+4	1.06788E+3
2.57108E+4	1.06756E+3
2.57209E+4	1.06703E+3
2.57310E+4	1.06642E+3
2.57411E+4	1.06582E+3
2.57512E+4	1.06534E+3
2.57613E+4	1.06462E+3
2.57714E+4	1.06358E+3
2.57816E+4	1.06295E+3
2.57917E+4	1.06246E+3
2.58018E+4	1.06198E+3
2.58119E+4	1.06108E+3
2.58220E+4	1.06036E+3
2.58321E+4	1.05998E+3
2.58422E+4	1.05954E+3
2.58523E+4	1.05887E+3
2.58624E+4	1.05824E+3
2.58726E+4	1.05747E+3
2.58827E+4	1.05658E+3
2.58928E+4	1.05592E+3
2.59029E+4	1.05539E+3
2.59130E+4	1.05463E+3
2.59231E+4	1.05402E+3
2.59332E+4	1.05351E+3
2.59433E+4	1.05287E+3
2.59534E+4	1.05225E+3
2.59635E+4	1.05158E+3
2.59737E+4	1.05094E+3
2.59838E+4	1.05037E+3
2.59939E+4	1.04968E+3
2.60040E+4	1.04893E+3
2.60141E+4	1.04815E+3
2.60242E+4	1.04745E+3
2.60343E+4	1.04684E+3
2.60444E+4	1.04622E+3
2.60545E+4	1.04560E+3
2.60647E+4	1.04504E+3
2.60748E+4	1.04449E+3
2.60849E+4	1.04383E+3
2.60950E+4	1.04292E+3
2.61051E+4	1.04222E+3
2.61152E+4	1.04160E+3
2.61253E+4	1.04100E+3
2.61354E+4	1.04033E+3
2.61455E+4	1.03966E+3
2.61556E+4	1.03907E+3
2.61658E+4	1.03863E+3
2.61759E+4	1.03819E+3
2.61860E+4	1.03755E+3
2.61961E+4	1.03675E+3
2.62062E+4	1.03608E+3
2.62163E+4	1.03538E+3
2.62264E+4	1.03476E+3
2.62365E+4	1.03402E+3
2.62466E+4	1.03358E+3
2.62567E+4	1.03314E+3
2.62669E+4	1.03249E+3
2.62770E+4	1.03178E+3
2.62871E+4	1.03115E+3
2.62972E+4	1.03058E+3
2.63073E+4	1.02963E+3
2.63174E+4	1.02898E+3
2.63275E+4	1.02845E+3
2.63376E+4	1.02759E+3
2.63477E+4	1.02712E+3
2.63578E+4	1.02653E+3
2.63680E+4	1.02579E+3
2.63781E+4	1.02494E+3
2.63882E+4	1.02408E+3
2.63983E+4	1.02328E+3
2.64084E+4	1.02285E+3
2.64185E+4	1.02240E+3
2.64286E+4	1.02159E+3
2.64387E+4	1.02114E+3
2.64488E+4	1.02084E+3
2.64590E+4	1.02021E+3
2.64691E+4	1.01944E+3
2.64792E+4	1.01867E+3
2.64893E+4	1.01792E+3
2.64994E+4	1.01704E+3
2.65095E+4	1.01644E+3
2.65196E+4	1.01582E+3
2.65297E+4	1.01541E+3
2.65398E+4	1.01491E+3
2.65499E+4	1.01425E+3
2.65601E+4	1.01365E+3
2.65702E+4	1.01293E+3
2.65803E+4	1.01225E+3
2.65904E+4	1.01180E+3
2.66005E+4	1.01110E+3
2.66106E+4	1.01027E+3
2.66207E+4	1.00957E+3
2.66308E+4	1.00904E+3
2.66409E+4	1.00833E+3
2.66511E+4	1.00773E+3
2.66612E+4	1.00714E+3
2.66713E+4	1.00638E+3
2.66814E+4	1.00596E+3
2.66915E+4	1.00546E+3
2.67016E+4	1.00482E+3
2.67117E+4	1.00388E+3
2.67218E+4	1.00339E+3
2.67319E+4	1.00285E+3
2.67420E+4	1.00222E+3
2.67522E+4	1.00146E+3
2.67623E+4	1.00082E+3
2.67724E+4	1.00019E+3
2.67825E+4	9.99230E+2
2.67926E+4	9.98597E+2
2.68027E+4	9.97841E+2
2.68128E+4	9.97229E+2
2.68229E+4	9.96877E+2
2.68330E+4	9.96419E+2
2.68432E+4	9.95663E+2
2.68533E+4	9.94914E+2
2.68634E+4	9.94238E+2
2.68735E+4	9.93626E+2
2.68836E+4	9.93038E+2
2.68937E+4	9.92406E+2
2.69038E+4	9.91711E+2
2.69139E+4	9.91036E+2
2.69240E+4	9.90354E+2
2.69341E+4	9.89666E+2
2.69443E+4	9.89018E+2
2.69544E+4	9.88303E+2
2.69645E+4	9.87441E+2
2.69746E+4	9.86907E+2
2.69847E+4	9.86500E+2
2.69948E+4	9.85745E+2
2.70049E+4	9.84931E+2
2.70150E+4	9.84300E+2
2.70251E+4	9.83646E+2
2.70352E+4	9.83005E+2
2.70454E+4	9.82318E+2
2.70555E+4	9.81658E+2
2.70656E+4	9.80973E+2
2.70757E+4	9.80426E+2
2.70858E+4	9.79893E+2
2.70959E+4	9.79123E+2
2.71060E+4	9.78513E+2
2.71161E+4	9.77849E+2
2.71262E+4	9.77066E+2
2.71364E+4	9.76427E+2
2.71465E+4	9.75930E+2
2.71566E+4	9.75287E+2
2.71667E+4	9.74437E+2
2.71768E+4	9.73704E+2
2.71869E+4	9.73112E+2
2.71970E+4	9.72482E+2
2.72071E+4	9.71927E+2
2.72172E+4	9.71334E+2
2.72273E+4	9.70732E+2
2.72375E+4	9.70079E+2
2.72476E+4	9.69567E+2
2.72577E+4	9.68981E+2
2.72678E+4	9.68169E+2
2.72779E+4	9.67454E+2
2.72880E+4	9.66686E+2
2.72981E+4	9.66004E+2
2.73082E+4	9.65300E+2
2.73183E+4	9.64711E+2
2.73285E+4	9.64222E+2
2.73386E+4	9.63631E+2
2.73487E+4	9.62890E+2
2.73588E+4	9.62006E+2
2.73689E+4	9.61052E+2
2.73790E+4	9.60411E+2
2.73891E+4	9.60053E+2
2.73992E+4	9.59511E+2
2.74093E+4	9.59073E+2
2.74194E+4	9.58516E+2
2.74296E+4	9.57749E+2
2.74397E+4	9.56919E+2
2.74498E+4	9.56192E+2
2.74599E+4	9.55571E+2
2.74700E+4	9.55024E+2
2.74801E+4	9.54476E+2
2.74902E+4	9.53799E+2
2.75003E+4	9.53139E+2
2.75104E+4	9.52433E+2
2.75206E+4	9.51822E+2
2.75307E+4	9.51030E+2
2.75408E+4	9.50440E+2
2.75509E+4	9.50052E+2
2.75610E+4	9.49694E+2
2.75711E+4	9.49120E+2
2.75812E+4	9.48507E+2
2.75913E+4	9.47917E+2
2.76014E+4	9.47181E+2
2.76115E+4	9.46194E+2
2.76217E+4	9.45475E+2
2.76318E+4	9.44896E+2
2.76419E+4	9.44313E+2
2.76520E+4	9.43568E+2
2.76621E+4	9.42730E+2
2.76722E+4	9.42015E+2
2.76823E+4	9.41528E+2
2.76924E+4	9.41041E+2
2.77025E+4	9.40303E+2
2.77126E+4	9.39568E+2
2.77228E+4	9.38797E+2
2.77329E+4	9.37950E+2
2.77430E+4	9.37245E+2
2.77531E+4	9.36763E+2
2.77632E+4	9.36293E+2
2.77733E+4	9.35658E+2
2.77834E+4	9.34937E+2
2.77935E+4	9.34279E+2
2.78036E+4	9.33565E+2
2.78137E+4	9.33029E+2
2.78239E+4	9.32471E+2
2.78340E+4	9.31859E+2
2.78441E+4	9.31060E+2
2.78542E+4	9.30263E+2
2.78643E+4	9.29678E+2
2.78744E+4	9.29126E+2
2.78845E+4	9.28403E+2
2.78946E+4	9.27729E+2
2.79047E+4	9.27214E+2
2.79148E+4	9.26540E+2
2.79250E+4	9.25860E+2
2.79351E+4	9.25210E+2
2.79452E+4	9.24493E+2
2.79553E+4	9.23807E+2
2.79654E+4	9.23200E+2
2.79755E+4	9.22533E+2
2.79856E+4	9.21781E+2
2.79957E+4	9.21124E+2
2.80058E+4	9.20563E+2
2.80160E+4	9.20157E+2
2.80261E+4	9.19465E+2
2.80362E+4	9.18640E+2
2.80463E+4	9.17908E+2
2.80564E+4	9.17371E+2
2.80665E+4	9.16843E+2
2.80766E+4	9.16207E+2
2.80867E+4	9.15346E+2
2.80968E+4	9.14615E+2
2.81069E+4	9.14015E+2
2.81171E+4	9.13326E+2
2.81272E+4	9.12611E+2
2.81373E+4	9.12051E+2
2.81474E+4	9.11524E+2
2.81575E+4	9.10822E+2
2.81676E+4	9.10081E+2
2.81777E+4	9.09385E+2
2.81878E+4	9.08671E+2
2.81979E+4	9.08079E+2
2.82081E+4	9.07413E+2
2.82182E+4	9.06804E+2
2.82283E+4	9.06248E+2
2.82384E+4	9.05665E+2
2.82485E+4	9.04954E+2
2.82586E+4	9.04306E+2
2.82687E+4	9.03660E+2
2.82788E+4	9.02952E+2
2.82889E+4	9.02294E+2
2.82990E+4	9.01663E+2
2.83092E+4	9.01176E+2
2.83193E+4	9.00709E+2
2.83294E+4	9.00169E+2
2.83395E+4	8.99459E+2
2.83496E+4	8.98765E+2
2.83597E+4	8.97956E+2
2.83698E+4	8.97075E+2
2.83799E+4	8.96413E+2
2.83900E+4	8.95963E+2
2.84001E+4	8.95513E+2
2.84103E+4	8.94967E+2
2.84204E+4	8.94215E+2
2.84305E+4	8.93298E+2
2.84406E+4	8.92601E+2
2.84507E+4	8.92026E+2
2.84608E+4	8.91392E+2
2.84709E+4	8.90843E+2
2.84810E+4	8.90219E+2
2.84911E+4	8.89503E+2
2.85013E+4	8.88810E+2
2.85114E+4	8.88123E+2
2.85215E+4	8.87368E+2
2.85316E+4	8.86573E+2
2.85417E+4	8.85735E+2
2.85518E+4	8.85181E+2
2.85619E+4	8.84553E+2
2.85720E+4	8.83873E+2
2.85821E+4	8.83217E+2
2.85922E+4	8.82675E+2
2.86024E+4	8.82144E+2
2.86125E+4	8.81372E+2
2.86226E+4	8.80712E+2
2.86327E+4	8.80000E+2
2.86428E+4	8.79347E+2
2.86529E+4	8.78819E+2
2.86630E+4	8.78231E+2
2.86731E+4	8.77532E+2
2.86832E+4	8.76968E+2
2.86933E+4	8.76249E+2
2.87035E+4	8.75560E+2
2.87136E+4	8.74931E+2
2.87237E+4	8.74255E+2
2.87338E+4	8.73622E+2
2.87439E+4	8.72933E+2
2.87540E+4	8.72241E+2
2.87641E+4	8.71618E+2
2.87742E+4	8.70936E+2
2.87843E+4	8.70267E+2
2.87945E+4	8.69559E+2
2.88046E+4	8.68943E+2
2.88147E+4	8.68307E+2
2.88248E+4	8.67595E+2
2.88349E+4	8.66989E+2
2.88450E+4	8.66399E+2
2.88551E+4	8.65734E+2
2.88652E+4	8.65108E+2
2.88753E+4	8.64538E+2
2.88854E+4	8.63918E+2
2.88956E+4	8.63213E+2
2.89057E+4	8.62368E+2
2.89158E+4	8.61546E+2
2.89259E+4	8.60707E+2
2.89360E+4	8.60045E+2
2.89461E+4	8.59501E+2
2.89562E+4	8.59043E+2
2.89663E+4	8.58489E+2
2.89764E+4	8.57844E+2
2.89865E+4	8.57201E+2
2.89967E+4	8.56514E+2
2.90068E+4	8.55862E+2
2.90169E+4	8.55237E+2
2.90270E+4	8.54703E+2
2.90371E+4	8.54110E+2
2.90472E+4	8.53347E+2
2.90573E+4	8.52535E+2
2.90674E+4	8.51782E+2
2.90775E+4	8.51157E+2
2.90877E+4	8.50508E+2
2.90978E+4	8.49844E+2
2.91079E+4	8.49137E+2
2.91180E+4	8.48466E+2
2.91281E+4	8.47847E+2
2.91382E+4	8.47251E+2
2.91483E+4	8.46652E+2
2.91584E+4	8.46079E+2
2.91685E+4	8.45431E+2
2.91786E+4	8.44643E+2
2.91887E+4	8.43952E+2
2.91989E+4	8.43314E+2
2.92090E+4	8.42606E+2
2.92191E+4	8.41899E+2
2.92292E+4	8.41238E+2
2.92393E+4	8.40617E+2
2.92494E+4	8.39916E+2
2.92595E+4	8.39318E+2
2.92696E+4	8.38562E+2
2.92797E+4	8.37823E+2
2.92899E+4	8.37171E+2
2.93000E+4	8.36586E+2
2.93101E+4	8.36029E+2
2.93202E+4	8.35457E+2
2.93303E+4	8.34809E+2
2.93404E+4	8.34227E+2
2.93505E+4	8.33631E+2
2.93606E+4	8.32957E+2
2.93707E+4	8.32254E+2
2.93808E+4	8.31603E+2
2.93910E+4	8.30968E+2
2.94011E+4	8.30264E+2
2.94112E+4	8.29581E+2
2.94213E+4	8.28896E+2
2.94314E+4	8.28199E+2
2.94415E+4	8.27447E+2
2.94516E+4	8.26776E+2
2.94617E+4	8.26151E+2
2.94718E+4	8.25435E+2
2.94819E+4	8.24712E+2
2.94921E+4	8.24025E+2
2.95022E+4	8.23423E+2
2.95123E+4	8.22788E+2
2.95224E+4	8.22055E+2
2.95325E+4	8.21355E+2
2.95426E+4	8.20698E+2
2.95527E+4	8.20096E+2
2.95628E+4	8.19562E+2
2.95729E+4	8.18990E+2
2.95831E+4	8.18348E+2
2.95932E+4	8.17625E+2
2.96033E+4	8.16912E+2
2.96134E+4	8.16258E+2
2.96235E+4	8.15597E+2
2.96336E+4	8.14795E+2
2.96437E+4	8.14033E+2
2.96538E+4	8.13339E+2
2.96639E+4	8.12750E+2
2.96740E+4	8.12089E+2
2.96841E+4	8.11451E+2
2.96943E+4	8.10957E+2
2.97044E+4	8.10387E+2
2.97145E+4	8.09736E+2
2.97246E+4	8.09003E+2
2.97347E+4	8.08218E+2
2.97448E+4	8.07416E+2
2.97549E+4	8.06742E+2
2.97650E+4	8.06172E+2
2.97751E+4	8.05438E+2
2.97853E+4	8.04754E+2
2.97954E+4	8.04231E+2
2.98055E+4	8.03622E+2
2.98156E+4	8.02911E+2
2.98257E+4	8.02234E+2
2.98358E+4	8.01605E+2
2.98459E+4	8.01032E+2
2.98560E+4	8.00479E+2
2.98661E+4	7.99975E+2
2.98762E+4	7.99415E+2
2.98864E+4	7.98760E+2
2.98965E+4	7.98066E+2
2.99066E+4	7.97384E+2
2.99167E+4	7.96743E+2
2.99268E+4	7.96042E+2
2.99369E+4	7.95324E+2
2.99470E+4	7.94571E+2
2.99571E+4	7.93791E+2
2.99672E+4	7.93064E+2
2.99774E+4	7.92403E+2
2.99875E+4	7.91734E+2
2.99976E+4	7.91013E+2
3.00077E+4	7.90489E+2
3.00178E+4	7.89928E+2
3.00279E+4	7.89431E+2
3.00380E+4	7.88712E+2
3.00481E+4	7.87972E+2
3.00582E+4	7.87280E+2
3.00683E+4	7.86628E+2
3.00785E+4	7.85986E+2
3.00886E+4	7.85372E+2
3.00987E+4	7.84727E+2
3.01088E+4	7.84189E+2
3.01189E+4	7.83559E+2
3.01290E+4	7.82818E+2
3.01391E+4	7.82048E+2
3.01492E+4	7.81320E+2
3.01593E+4	7.80660E+2
3.01695E+4	7.80086E+2
3.01796E+4	7.79512E+2
3.01897E+4	7.78918E+2
3.01998E+4	7.78311E+2
3.02099E+4	7.77645E+2
3.02200E+4	7.76943E+2
3.02301E+4	7.76280E+2
3.02402E+4	7.75669E+2
3.02503E+4	7.75033E+2
3.02604E+4	7.74363E+2
3.02706E+4	7.73680E+2
3.02807E+4	7.73051E+2
3.02908E+4	7.72284E+2
3.03009E+4	7.71556E+2
3.03110E+4	7.70953E+2
3.03211E+4	7.70293E+2
3.03312E+4	7.69614E+2
3.03413E+4	7.68872E+2
3.03514E+4	7.68095E+2
3.03616E+4	7.67326E+2
3.03717E+4	7.66529E+2
3.03818E+4	7.65747E+2
3.03919E+4	7.65112E+2
3.04020E+4	7.64543E+2
3.04121E+4	7.63944E+2
3.04222E+4	7.63283E+2
3.04323E+4	7.62609E+2
3.04424E+4	7.61922E+2
3.04525E+4	7.61296E+2
3.04627E+4	7.60720E+2
3.04728E+4	7.60179E+2
3.04829E+4	7.59596E+2
3.04930E+4	7.58925E+2
3.05031E+4	7.58204E+2
3.05132E+4	7.57503E+2
3.05233E+4	7.56822E+2
3.05334E+4	7.56166E+2
3.05435E+4	7.55445E+2
3.05536E+4	7.54711E+2
3.05638E+4	7.53963E+2
3.05739E+4	7.53416E+2
3.05840E+4	7.52898E+2
3.05941E+4	7.52324E+2
3.06042E+4	7.51652E+2
3.06143E+4	7.50957E+2
3.06244E+4	7.50351E+2
3.06345E+4	7.49728E+2
3.06446E+4	7.49048E+2
3.06548E+4	7.48393E+2
3.06649E+4	7.47715E+2
3.06750E+4	7.46960E+2
3.06851E+4	7.46291E+2
3.06952E+4	7.45602E+2
3.07053E+4	7.44956E+2
3.07154E+4	7.44363E+2
3.07255E+4	7.43700E+2
3.07356E+4	7.43012E+2
3.07457E+4	7.42248E+2
3.07559E+4	7.41484E+2
3.07660E+4	7.40772E+2
3.07761E+4	7.40044E+2
3.07862E+4	7.39362E+2
3.07963E+4	7.38775E+2
3.08064E+4	7.38175E+2
3.08165E+4	7.37489E+2
3.08266E+4	7.36784E+2
3.08367E+4	7.36115E+2
3.08468E+4	7.35456E+2
3.08570E+4	7.34829E+2
3.08671E+4	7.34236E+2
3.08772E+4	7.33616E+2
3.08873E+4	7.32963E+2
3.08974E+4	7.32356E+2
3.09075E+4	7.31717E+2
3.09176E+4	7.31008E+2
3.09277E+4	7.30306E+2
3.09378E+4	7.29624E+2
3.09480E+4	7.28948E+2
3.09581E+4	7.28342E+2
3.09682E+4	7.27774E+2
3.09783E+4	7.27174E+2
3.09884E+4	7.26564E+2
3.09985E+4	7.25901E+2
3.10086E+4	7.25251E+2
3.10187E+4	7.24572E+2
3.10288E+4	7.23916E+2
3.10390E+4	7.23244E+2
3.10491E+4	7.22591E+2
3.10592E+4	7.21869E+2
3.10693E+4	7.21147E+2
3.10794E+4	7.20497E+2
3.10895E+4	7.19860E+2
3.10996E+4	7.19234E+2
3.11097E+4	7.18623E+2
3.11198E+4	7.17996E+2
3.11299E+4	7.17360E+2
3.11401E+4	7.16624E+2
3.11502E+4	7.15964E+2
3.11603E+4	7.15281E+2
3.11704E+4	7.14598E+2
3.11805E+4	7.13955E+2
3.11906E+4	7.13321E+2
3.12007E+4	7.12733E+2
3.12108E+4	7.12162E+2
3.12209E+4	7.11531E+2
3.12310E+4	7.10858E+2
3.12412E+4	7.10185E+2
3.12513E+4	7.09524E+2
3.12614E+4	7.08745E+2
3.12715E+4	7.08029E+2
3.12816E+4	7.07356E+2
3.12917E+4	7.06699E+2
3.13018E+4	7.06054E+2
3.13119E+4	7.05430E+2
3.13220E+4	7.04802E+2
3.13321E+4	7.04158E+2
3.13423E+4	7.03530E+2
3.13524E+4	7.02847E+2
3.13625E+4	7.02120E+2
3.13726E+4	7.01373E+2
3.13827E+4	7.00732E+2
3.13928E+4	7.00081E+2
3.14029E+4	6.99469E+2
3.14130E+4	6.98831E+2
3.14231E+4	6.98176E+2
3.14333E+4	6.97482E+2
3.14434E+4	6.96863E+2
3.14535E+4	6.96254E+2
3.14636E+4	6.95649E+2
3.14737E+4	6.94974E+2
3.14838E+4	6.94161E+2
3.14939E+4	6.93420E+2
3.15040E+4	6.92696E+2
3.15141E+4	6.91955E+2
3.15242E+4	6.91273E+2
3.15344E+4	6.90697E+2
3.15445E+4	6.90154E+2
3.15546E+4	6.89620E+2
3.15647E+4	6.89037E+2
3.15748E+4	6.88421E+2
3.15849E+4	6.87736E+2
3.15950E+4	6.87034E+2
3.16051E+4	6.86348E+2
3.16152E+4	6.85640E+2
3.16253E+4	6.84987E+2
3.16354E+4	6.84324E+2
3.16456E+4	6.83622E+2
3.16557E+4	6.82946E+2
3.16658E+4	6.82300E+2
3.16759E+4	6.81607E+2
3.16860E+4	6.80928E+2
3.16961E+4	6.80232E+2
3.17062E+4	6.79479E+2
3.17163E+4	6.78753E+2
3.17264E+4	6.78057E+2
3.17365E+4	6.77367E+2
3.17466E+4	6.76601E+2
3.17567E+4	6.76027E+2
3.17669E+4	6.75426E+2
3.17770E+4	6.74749E+2
3.17871E+4	6.74158E+2
3.17972E+4	6.73573E+2
3.18073E+4	6.72959E+2
3.18174E+4	6.72338E+2
3.18275E+4	6.71690E+2
3.18376E+4	6.71000E+2
3.18477E+4	6.70329E+2
3.18578E+4	6.69668E+2
3.18679E+4	6.68947E+2
3.18781E+4	6.68269E+2
3.18882E+4	6.67575E+2
3.18983E+4	6.66894E+2
3.19084E+4	6.66213E+2
3.19185E+4	6.65574E+2
3.19286E+4	6.64946E+2
3.19387E+4	6.64317E+2
3.19488E+4	6.63732E+2
3.19589E+4	6.63136E+2
3.19690E+4	6.62531E+2
3.19791E+4	6.61925E+2
3.19893E+4	6.61250E+2
3.19994E+4	6.60611E+2
3.20095E+4	6.59936E+2
3.20196E+4	6.59237E+2
3.20297E+4	6.58512E+2
3.20398E+4	6.57787E+2
3.20499E+4	6.57078E+2
3.20600E+4	6.56393E+2
3.20701E+4	6.55724E+2
3.20802E+4	6.55088E+2
3.20903E+4	6.54428E+2
3.21005E+4	6.53719E+2
3.21106E+4	6.53140E+2
3.21207E+4	6.52487E+2
3.21308E+4	6.51764E+2
3.21409E+4	6.51134E+2
3.21510E+4	6.50514E+2
3.21611E+4	6.49894E+2
3.21712E+4	6.49271E+2
3.21813E+4	6.48634E+2
3.21914E+4	6.47968E+2
3.22016E+4	6.47334E+2
3.22117E+4	6.46701E+2
3.22218E+4	6.46031E+2
3.22319E+4	6.45384E+2
3.22420E+4	6.44753E+2
3.22521E+4	6.44110E+2
3.22622E+4	6.43436E+2
3.22723E+4	6.42769E+2
3.22824E+4	6.42129E+2
3.22925E+4	6.41508E+2
3.23026E+4	6.40934E+2
3.23128E+4	6.40343E+2
3.23229E+4	6.39705E+2
3.23330E+4	6.39084E+2
3.23431E+4	6.38410E+2
3.23532E+4	6.37839E+2
3.23633E+4	6.37144E+2
3.23734E+4	6.36503E+2
3.23835E+4	6.35859E+2
3.23936E+4	6.35251E+2
3.24038E+4	6.34629E+2
3.24139E+4	6.33968E+2
3.24240E+4	6.33304E+2
3.24341E+4	6.32642E+2
3.24442E+4	6.31984E+2
3.24543E+4	6.31296E+2
3.24644E+4	6.30678E+2
3.24745E+4	6.29996E+2
3.24846E+4	6.29341E+2
3.24947E+4	6.28729E+2
3.25049E+4	6.28084E+2
3.25150E+4	6.27418E+2
3.25251E+4	6.26763E+2
3.25352E+4	6.26101E+2
3.25453E+4	6.25436E+2
3.25554E+4	6.24794E+2
3.25655E+4	6.24185E+2
3.25756E+4	6.23556E+2
3.25857E+4	6.22957E+2
3.25958E+4	6.22351E+2
3.26060E+4	6.21698E+2
3.26161E+4	6.21053E+2
3.26262E+4	6.20403E+2
3.26363E+4	6.19700E+2
3.26464E+4	6.19051E+2
3.26565E+4	6.18428E+2
3.26666E+4	6.17802E+2
3.26767E+4	6.17172E+2
3.26868E+4	6.16560E+2
3.26970E+4	6.15950E+2
3.27071E+4	6.15310E+2
3.27172E+4	6.14687E+2
3.27273E+4	6.14064E+2
3.27374E+4	6.13401E+2
3.27475E+4	6.12771E+2
3.27576E+4	6.12127E+2
3.27677E+4	6.11503E+2
3.27778E+4	6.10870E+2
3.27879E+4	6.10229E+2
3.27981E+4	6.09572E+2
3.28082E+4	6.08902E+2
3.28183E+4	6.08245E+2
3.28284E+4	6.07550E+2
3.28385E+4	6.07004E+2
3.28486E+4	6.06336E+2
3.28587E+4	6.05715E+2
3.28688E+4	6.05074E+2
3.28789E+4	6.04457E+2
3.28890E+4	6.03846E+2
3.28992E+4	6.03211E+2
3.29093E+4	6.02610E+2
3.29194E+4	6.02009E+2
3.29295E+4	6.01341E+2
3.29396E+4	6.00723E+2
3.29497E+4	6.00081E+2
3.29598E+4	5.99426E+2
3.29699E+4	5.98791E+2
3.29800E+4	5.98156E+2
3.29902E+4	5.97531E+2
3.30003E+4	5.96903E+2
3.30104E+4	5.96298E+2
3.30205E+4	5.95672E+2
3.30306E+4	5.95060E+2
3.30407E+4	5.94422E+2
3.30508E+4	5.93796E+2
3.30609E+4	5.93079E+2
3.30710E+4	5.92427E+2
3.30812E+4	5.91845E+2
3.30913E+4	5.91125E+2
3.31014E+4	5.90486E+2
3.31115E+4	5.89836E+2
3.31216E+4	5.89170E+2
3.31317E+4	5.88523E+2
3.31418E+4	5.87880E+2
3.31519E+4	5.87210E+2
3.31620E+4	5.86577E+2
3.31721E+4	5.85944E+2
3.31823E+4	5.85287E+2
3.31924E+4	5.84623E+2
3.32025E+4	5.83979E+2
3.32126E+4	5.83305E+2
3.32227E+4	5.82641E+2
3.32328E+4	5.82003E+2
3.32429E+4	5.81369E+2
3.32530E+4	5.80718E+2
3.32631E+4	5.80091E+2
3.32732E+4	5.79463E+2
3.32834E+4	5.78828E+2
3.32935E+4	5.78197E+2
3.33036E+4	5.77572E+2
3.33137E+4	5.76924E+2
3.33238E+4	5.76299E+2
3.33339E+4	5.75667E+2
3.33440E+4	5.75012E+2
3.33541E+4	5.74360E+2
3.33642E+4	5.73697E+2
3.33744E+4	5.73045E+2
3.33845E+4	5.72348E+2
3.33946E+4	5.71618E+2
3.34047E+4	5.70824E+2
3.34148E+4	5.70033E+2
3.34249E+4	5.69232E+2
3.34350E+4	5.68400E+2
3.34451E+4	5.67578E+2
3.34552E+4	5.66759E+2
3.34653E+4	5.65946E+2
3.34755E+4	5.65104E+2
3.34856E+4	5.64304E+2
3.34957E+4	5.63515E+2
3.35058E+4	5.62708E+2
3.35159E+4	5.61871E+2
3.35260E+4	5.61159E+2
3.35361E+4	5.60379E+2
3.35462E+4	5.59557E+2
3.35563E+4	5.58875E+2
3.35665E+4	5.58046E+2
3.35766E+4	5.57309E+2
3.35867E+4	5.56586E+2
3.35968E+4	5.55831E+2
3.36069E+4	5.55100E+2
3.36170E+4	5.54376E+2
3.36271E+4	5.53635E+2
3.36372E+4	5.52927E+2
3.36473E+4	5.52209E+2
3.36574E+4	5.51500E+2
3.36676E+4	5.50772E+2
3.36777E+4	5.50015E+2
3.36878E+4	5.49368E+2
3.36979E+4	5.48590E+2
3.37080E+4	5.47891E+2
3.37181E+4	5.47189E+2
3.37282E+4	5.46476E+2
3.37383E+4	5.45786E+2
3.37484E+4	5.45090E+2
3.37586E+4	5.44379E+2
3.37687E+4	5.43689E+2
3.37788E+4	5.43009E+2
3.37889E+4	5.42312E+2
3.37990E+4	5.41622E+2
3.38091E+4	5.40879E+2
3.38192E+4	5.40195E+2
3.38293E+4	5.39514E+2
3.38394E+4	5.38833E+2
3.38495E+4	5.38155E+2
3.38597E+4	5.37480E+2
3.38698E+4	5.36812E+2
3.38799E+4	5.36147E+2
3.38900E+4	5.35478E+2
3.39001E+4	5.34816E+2
3.39102E+4	5.34157E+2
3.39203E+4	5.33492E+2
3.39304E+4	5.32846E+2
3.39405E+4	5.32197E+2
3.39506E+4	5.31541E+2
3.39608E+4	5.30823E+2
3.39709E+4	5.30173E+2
3.39810E+4	5.29520E+2
3.39911E+4	5.28877E+2
3.40012E+4	5.28241E+2
3.40113E+4	5.27587E+2
3.40214E+4	5.26950E+2
3.40315E+4	5.26324E+2
3.40416E+4	5.25666E+2
3.40518E+4	5.25042E+2
3.40619E+4	5.24349E+2
3.40720E+4	5.23722E+2
3.40821E+4	5.23094E+2
3.40922E+4	5.22467E+2
3.41023E+4	5.21863E+2
3.41124E+4	5.21231E+2
3.41225E+4	5.20613E+2
3.41326E+4	5.19999E+2
3.41427E+4	5.19384E+2
3.41529E+4	5.18769E+2
3.41630E+4	5.18171E+2
3.41731E+4	5.17545E+2
3.41832E+4	5.16947E+2
3.41933E+4	5.16352E+2
3.42034E+4	5.15674E+2
3.42135E+4	5.15079E+2
3.42236E+4	5.14473E+2
3.42337E+4	5.13877E+2
3.42438E+4	5.13264E+2
3.42540E+4	5.12679E+2
3.42641E+4	5.12093E+2
3.42742E+4	5.11473E+2
3.42843E+4	5.10883E+2
3.42944E+4	5.10297E+2
3.43045E+4	5.09697E+2
3.43146E+4	5.09121E+2
3.43247E+4	5.08535E+2
3.43348E+4	5.07948E+2
3.43450E+4	5.07431E+2
3.43551E+4	5.06844E+2
3.43652E+4	5.06246E+2
3.43753E+4	5.05666E+2
3.43854E+4	5.05089E+2
3.43955E+4	5.04502E+2
3.44056E+4	5.03914E+2
3.44157E+4	5.03340E+2
3.44258E+4	5.02752E+2
3.44359E+4	5.02178E+2
3.44461E+4	5.01660E+2
3.44562E+4	5.01103E+2
3.44663E+4	5.00518E+2
3.44764E+4	5.00013E+2
3.44865E+4	4.99452E+2
3.44966E+4	4.98874E+2
3.45067E+4	4.98306E+2
3.45168E+4	4.97738E+2
3.45269E+4	4.97236E+2
3.45370E+4	4.96671E+2
3.45472E+4	4.96109E+2
3.45573E+4	4.95544E+2
3.45674E+4	4.95053E+2
3.45775E+4	4.94498E+2
3.45876E+4	4.93964E+2
3.45977E+4	4.93395E+2
3.46078E+4	4.92896E+2
3.46179E+4	4.92347E+2
3.46280E+4	4.91785E+2
3.46381E+4	4.91303E+2
3.46483E+4	4.90761E+2
3.46584E+4	4.90209E+2
3.46685E+4	4.89723E+2
3.46786E+4	4.89185E+2
3.46887E+4	4.88636E+2
3.46988E+4	4.88164E+2
3.47089E+4	4.87625E+2
3.47190E+4	4.87083E+2
3.47291E+4	4.86618E+2
3.47393E+4	4.86086E+2
3.47494E+4	4.85544E+2
3.47595E+4	4.85071E+2
3.47696E+4	4.84539E+2
3.47797E+4	4.84067E+2
3.47898E+4	4.83538E+2
3.47999E+4	4.83016E+2
3.48100E+4	4.82501E+2
3.48201E+4	4.82039E+2
3.48302E+4	4.81523E+2
3.48404E+4	4.81005E+2
3.48505E+4	4.80542E+2
3.48606E+4	4.80027E+2
3.48707E+4	4.79519E+2
3.48808E+4	4.79063E+2
3.48909E+4	4.78554E+2
3.49010E+4	4.78053E+2
3.49111E+4	4.77594E+2
3.49212E+4	4.77092E+2
3.49313E+4	4.76590E+2
3.49415E+4	4.76078E+2
3.49516E+4	4.75643E+2
3.49617E+4	4.75148E+2
3.49718E+4	4.74636E+2
3.49819E+4	4.74211E+2
3.49920E+4	4.73716E+2
3.50021E+4	4.73274E+2
3.50122E+4	4.72786E+2
3.50223E+4	4.72294E+2
3.50325E+4	4.71806E+2
3.50426E+4	4.71378E+2
3.50527E+4	4.70893E+2
3.50628E+4	4.70415E+2
3.50729E+4	4.69994E+2
3.50830E+4	4.69516E+2
3.50931E+4	4.69042E+2
3.51032E+4	4.68550E+2
3.51133E+4	4.68146E+2
3.51234E+4	4.67675E+2
3.51336E+4	4.67190E+2
3.51437E+4	4.66726E+2
3.51538E+4	4.66315E+2
3.51639E+4	4.65844E+2
3.51740E+4	4.65376E+2
3.51841E+4	4.64965E+2
3.51942E+4	4.64494E+2
3.52043E+4	4.64023E+2
3.52144E+4	4.63562E+2
3.52245E+4	4.63151E+2
3.52347E+4	4.62690E+2
3.52448E+4	4.62233E+2
3.52549E+4	4.61769E+2
3.52650E+4	4.61375E+2
3.52751E+4	4.60918E+2
3.52852E+4	4.60457E+2
3.52953E+4	4.60007E+2
3.53054E+4	4.59617E+2
3.53155E+4	4.59173E+2
3.53256E+4	4.58713E+2
3.53358E+4	4.58269E+2
3.53459E+4	4.57886E+2
3.53560E+4	4.57429E+2
3.53661E+4	4.56993E+2
3.53762E+4	4.56553E+2
3.53863E+4	4.56166E+2
3.53964E+4	4.55730E+2
3.54065E+4	4.55297E+2
3.54166E+4	4.54851E+2
3.54268E+4	4.54407E+2
3.54369E+4	4.54052E+2
3.54470E+4	4.53602E+2
3.54571E+4	4.53176E+2
3.54672E+4	4.52754E+2
3.54773E+4	4.52318E+2
3.54874E+4	4.51896E+2
3.54975E+4	4.51523E+2
3.55076E+4	4.51094E+2
3.55177E+4	4.50665E+2
3.55279E+4	4.50306E+2
3.55380E+4	4.49870E+2
3.55481E+4	4.49455E+2
3.55582E+4	4.49033E+2
3.55683E+4	4.48604E+2
3.55784E+4	4.48249E+2
3.55885E+4	4.47830E+2
3.55986E+4	4.47429E+2
3.56087E+4	4.47007E+2
3.56188E+4	4.46596E+2
3.56290E+4	4.46188E+2
3.56391E+4	4.45836E+2
3.56492E+4	4.45425E+2
3.56593E+4	4.45024E+2
3.56694E+4	4.44619E+2
3.56795E+4	4.44219E+2
3.56896E+4	4.43818E+2
3.56997E+4	4.43466E+2
3.57098E+4	4.43069E+2
3.57199E+4	4.42668E+2
3.57300E+4	4.42268E+2
3.57402E+4	4.41881E+2
3.57503E+4	4.41477E+2
3.57604E+4	4.41073E+2
3.57705E+4	4.40679E+2
3.57806E+4	4.40285E+2
3.57907E+4	4.39948E+2
3.58008E+4	4.39555E+2
3.58109E+4	4.39172E+2
3.58210E+4	4.38785E+2
3.58312E+4	4.38399E+2
3.58413E+4	4.38009E+2
3.58514E+4	4.37626E+2
3.58615E+4	4.37236E+2
3.58716E+4	4.36860E+2
3.58817E+4	4.36537E+2
3.58918E+4	4.36158E+2
3.59019E+4	4.35772E+2
3.59120E+4	4.35400E+2
3.59221E+4	4.35014E+2
3.59323E+4	4.34641E+2
3.59424E+4	4.34259E+2
3.59525E+4	4.33883E+2
3.59626E+4	4.33515E+2
3.59727E+4	4.33146E+2
3.59828E+4	4.32824E+2
3.59929E+4	4.32441E+2
3.60030E+4	4.32076E+2
3.60131E+4	4.31701E+2
3.60232E+4	4.31329E+2
3.60334E+4	4.30964E+2
3.60435E+4	4.30586E+2
3.60536E+4	4.30225E+2
3.60637E+4	4.29860E+2
3.60738E+4	4.29481E+2
3.60839E+4	4.29180E+2
3.60940E+4	4.28819E+2
3.61041E+4	4.28448E+2
3.61142E+4	4.28083E+2
3.61243E+4	4.27715E+2
3.61345E+4	4.27354E+2
3.61446E+4	4.26990E+2
3.61547E+4	4.26689E+2
3.61648E+4	4.26262E+2
3.61749E+4	4.25971E+2
3.61850E+4	4.25617E+2
3.61951E+4	4.25253E+2
3.62052E+4	4.24900E+2
3.62153E+4	4.24553E+2
3.62254E+4	4.24196E+2
3.62356E+4	4.23839E+2
3.62457E+4	4.23489E+2
3.62558E+4	4.23143E+2
3.62659E+4	4.22779E+2
3.62760E+4	4.22436E+2
3.62861E+4	4.22087E+2
3.62962E+4	4.21727E+2
3.63063E+4	4.21387E+2
3.63164E+4	4.21104E+2
3.63266E+4	4.20751E+2
3.63367E+4	4.20405E+2
3.63468E+4	4.20056E+2
3.63569E+4	4.19710E+2
3.63670E+4	4.19368E+2
3.63771E+4	4.19029E+2
3.63872E+4	4.18683E+2
3.63973E+4	4.18341E+2
3.64074E+4	4.18002E+2
3.64175E+4	4.17653E+2
3.64277E+4	4.17321E+2
3.64378E+4	4.17046E+2
3.64479E+4	4.16704E+2
3.64580E+4	4.16309E+2
3.64681E+4	4.16037E+2
3.64782E+4	4.15692E+2
3.64883E+4	4.15367E+2
3.64984E+4	4.15032E+2
3.65085E+4	4.14694E+2
3.65186E+4	4.14363E+2
3.65288E+4	4.14035E+2
3.65389E+4	4.13694E+2
3.65490E+4	4.13373E+2
3.65591E+4	4.13042E+2
3.65692E+4	4.12708E+2
3.65793E+4	4.12439E+2
3.65894E+4	4.12122E+2
3.65995E+4	4.11792E+2
3.66096E+4	4.11475E+2
3.66197E+4	4.11151E+2
3.66299E+4	4.10827E+2
3.66400E+4	4.10500E+2
3.66501E+4	4.10180E+2
3.66602E+4	4.09863E+2
3.66703E+4	4.09543E+2
3.66804E+4	4.09223E+2
3.66905E+4	4.08913E+2
3.67006E+4	4.08586E+2
3.67107E+4	4.08329E+2
3.67208E+4	4.08019E+2
3.67310E+4	4.07693E+2
3.67411E+4	4.07387E+2
3.67512E+4	4.07071E+2
3.67613E+4	4.06761E+2
3.67714E+4	4.06455E+2
3.67815E+4	4.06136E+2
3.67916E+4	4.05820E+2
3.68017E+4	4.05511E+2
3.68118E+4	4.05209E+2
3.68219E+4	4.04900E+2
3.68321E+4	4.04594E+2
3.68422E+4	4.04292E+2
3.68523E+4	4.04042E+2
3.68624E+4	4.03674E+2
3.68725E+4	4.03432E+2
3.68826E+4	4.03126E+2
3.68927E+4	4.02825E+2
3.69028E+4	4.02530E+2
3.69129E+4	4.02221E+2
3.69230E+4	4.01926E+2
3.69332E+4	4.01621E+2
3.69433E+4	4.01323E+2
3.69534E+4	4.01025E+2
3.69635E+4	4.00731E+2
3.69736E+4	4.00436E+2
3.69837E+4	4.00201E+2
3.69938E+4	3.99910E+2
3.70039E+4	3.99619E+2
3.70140E+4	3.99258E+2
3.70241E+4	3.99027E+2
3.70343E+4	3.98743E+2
3.70444E+4	3.98445E+2
3.70545E+4	3.98154E+2
3.70646E+4	3.97870E+2
3.70747E+4	3.97573E+2
3.70848E+4	3.97289E+2
3.70949E+4	3.97006E+2
3.71050E+4	3.96712E+2
3.71151E+4	3.96428E+2
3.71252E+4	3.96148E+2
3.71354E+4	3.95861E+2
3.71455E+4	3.95574E+2
3.71556E+4	3.95360E+2
3.71657E+4	3.95070E+2
3.71758E+4	3.94790E+2
3.71859E+4	3.94513E+2
3.71960E+4	3.94227E+2
3.72061E+4	3.93947E+2
3.72162E+4	3.93670E+2
3.72263E+4	3.93391E+2
3.72365E+4	3.93111E+2
3.72466E+4	3.92838E+2
3.72567E+4	3.92552E+2
3.72668E+4	3.92283E+2
3.72769E+4	3.92017E+2
3.72870E+4	3.91741E+2
3.72971E+4	3.91530E+2
3.73072E+4	3.91196E+2
3.73173E+4	3.90920E+2
3.73275E+4	3.90716E+2
3.73376E+4	3.90447E+2
3.73477E+4	3.90172E+2
3.73578E+4	3.89903E+2
3.73679E+4	3.89637E+2
3.73780E+4	3.89365E+2
3.73881E+4	3.89100E+2
3.73982E+4	3.88834E+2
3.74083E+4	3.88576E+2
3.74184E+4	3.88304E+2
3.74285E+4	3.88045E+2
3.74387E+4	3.87784E+2
3.74488E+4	3.87522E+2
3.74589E+4	3.87250E+2
3.74690E+4	3.87064E+2
3.74791E+4	3.86809E+2
3.74892E+4	3.86551E+2
3.74993E+4	3.86293E+2
3.75094E+4	3.86035E+2
3.75195E+4	3.85793E+2
3.75296E+4	3.85539E+2
3.75398E+4	3.85222E+2
3.75499E+4	3.84975E+2
3.75600E+4	3.84724E+2
3.75701E+4	3.84469E+2
3.75802E+4	3.84225E+2
3.75903E+4	3.83977E+2
3.76004E+4	3.83726E+2
3.76105E+4	3.83482E+2
3.76206E+4	3.83238E+2
3.76308E+4	3.82997E+2
3.76409E+4	3.82753E+2
