Jul 05, 2019  10:32:10 AM
Residual Gas Analyzer Software 
Software Version, 3.218.004

Analog Scan Setup:

Data Points in Scan, 991 
Units, Torr 
Noise Floor, 2 
CEM Status, OFF 
Points Per AMU, 10
Scan Start Mass, 1, amu 
Scan Stop Mass, 100, amu
Focus Voltage, 90, Volts 
Ion Energy, HIGH 
Electron Energy, 70, eV 
CEM Voltage, 1000, Volts
CEM Gain, 1.00E+006 
Sensitivity Factor, 8.30E-005 
Filament Current, 1.00, mAmps


  1.00,   5.90E-011, 
  1.10,   1.37E-010, 
  1.20,   9.60E-009, 
  1.30,   8.11E-008, 
  1.40,   4.83E-008, 
  1.50,   3.22E-008, 
  1.60,   6.20E-008, 
  1.70,   1.01E-007, 
  1.80,   1.35E-007, 
  1.90,   1.69E-007, 
  2.00,   1.92E-007, 
  2.10,   1.85E-007, 
  2.20,   1.76E-007, 
  2.30,   1.31E-007, 
  2.40,   4.80E-008, 
  2.50,   1.63E-008, 
  2.60,   7.81E-009, 
  2.70,   4.56E-009, 
  2.80,   3.05E-009, 
  2.90,   2.02E-009, 
  3.00,   1.47E-009, 
  3.10,   1.25E-009, 
  3.20,   9.31E-010, 
  3.30,   6.98E-010, 
  3.40,   5.89E-010, 
  3.50,   2.86E-010, 
  3.60,   1.52E-010, 
  3.70,   2.10E-010, 
  3.80,   1.08E-011, 
  3.90,  -1.08E-011, 
  4.00,   8.07E-011, 
  4.10,   8.80E-011, 
  4.20,   2.05E-011, 
  4.30,   8.31E-011, 
  4.40,  -1.11E-010, 
  4.50,  -2.29E-010, 
  4.60,  -2.24E-010, 
  4.70,  -2.35E-010, 
  4.80,  -2.71E-010, 
  4.90,  -1.11E-010, 
  5.00,  -2.80E-010, 
  5.10,  -3.31E-010, 
  5.20,  -2.63E-010, 
  5.30,  -4.34E-010, 
  5.40,  -4.59E-010, 
  5.50,  -4.04E-010, 
  5.60,  -5.66E-010, 
  5.70,  -4.24E-010, 
  5.80,  -1.72E-010, 
  5.90,  -2.42E-010, 
  6.00,  -2.69E-010, 
  6.10,  -1.54E-010, 
  6.20,  -1.47E-010, 
  6.30,  -2.71E-010, 
  6.40,  -1.13E-010, 
  6.50,  -3.22E-010, 
  6.60,  -4.40E-010, 
  6.70,  -4.06E-010, 
  6.80,  -3.49E-010, 
  6.90,  -4.33E-010, 
  7.00,  -5.14E-010, 
  7.10,  -6.34E-010, 
  7.20,  -6.14E-010, 
  7.30,  -5.31E-010, 
  7.40,  -4.73E-010, 
  7.50,  -3.06E-010, 
  7.60,  -2.20E-010, 
  7.70,  -4.41E-010, 
  7.80,  -4.61E-010, 
  7.90,  -1.86E-010, 
  8.00,  -3.87E-010, 
  8.10,  -4.28E-010, 
  8.20,  -3.45E-010, 
  8.30,  -4.80E-010, 
  8.40,  -4.13E-010, 
  8.50,  -2.72E-010, 
  8.60,  -2.37E-010, 
  8.70,  -3.51E-010, 
  8.80,  -2.61E-010, 
  8.90,  -1.11E-010, 
  9.00,  -1.28E-010, 
  9.10,  -3.22E-010, 
  9.20,  -5.01E-010, 
  9.30,  -5.36E-010, 
  9.40,  -4.25E-010, 
  9.50,  -5.24E-010, 
  9.60,  -5.90E-010, 
  9.70,  -5.63E-010, 
  9.80,  -5.22E-010, 
  9.90,  -6.16E-010, 
 10.00,  -5.95E-010, 
 10.10,  -4.84E-010, 
 10.20,  -4.78E-010, 
 10.30,  -3.77E-010, 
 10.40,  -4.82E-010, 
 10.50,  -5.70E-010, 
 10.60,  -5.73E-010, 
 10.70,  -5.80E-010, 
 10.80,  -5.04E-010, 
 10.90,  -5.76E-010, 
 11.00,  -5.87E-010, 
 11.10,  -4.14E-010, 
 11.20,  -3.13E-010, 
 11.30,  -2.87E-010, 
 11.40,  -2.37E-010, 
 11.50,   6.99E-011, 
 11.60,   1.09E-009, 
 11.70,   3.33E-009, 
 11.80,   6.12E-009, 
 11.90,   8.32E-009, 
 12.00,   1.09E-008, 
 12.10,   1.28E-008, 
 12.20,   1.30E-008, 
 12.30,   9.76E-009, 
 12.40,   4.96E-009, 
 12.50,   2.54E-009, 
 12.60,   1.69E-009, 
 12.70,   1.74E-009, 
 12.80,   1.94E-009, 
 12.90,   2.35E-009, 
 13.00,   3.14E-009, 
 13.10,   3.56E-009, 
 13.20,   3.70E-009, 
 13.30,   3.39E-009, 
 13.40,   2.54E-009, 
 13.50,   4.00E-009, 
 13.60,   1.73E-008, 
 13.70,   4.75E-008, 
 13.80,   7.55E-008, 
 13.90,   9.45E-008, 
 14.00,   1.16E-007, 
 14.10,   1.25E-007, 
 14.20,   1.16E-007, 
 14.30,   6.86E-008, 
 14.40,   2.05E-008, 
 14.50,   9.67E-009, 
 14.60,   7.66E-009, 
 14.70,   1.08E-008, 
 14.80,   1.61E-008, 
 14.90,   2.04E-008, 
 15.00,   2.46E-008, 
 15.10,   2.73E-008, 
 15.20,   2.91E-008, 
 15.30,   2.48E-008, 
 15.40,   1.28E-008, 
 15.50,   9.86E-009, 
 15.60,   2.34E-008, 
 15.70,   5.68E-008, 
 15.80,   8.80E-008, 
 15.90,   1.09E-007, 
 16.00,   1.31E-007, 
 16.10,   1.41E-007, 
 16.20,   1.31E-007, 
 16.30,   7.61E-008, 
 16.40,   2.45E-008, 
 16.50,   2.06E-008, 
 16.60,   7.62E-008, 
 16.70,   1.99E-007, 
 16.80,   2.96E-007, 
 16.90,   3.47E-007, 
 17.00,   4.03E-007, 
 17.10,   4.27E-007, 
 17.20,   4.00E-007, 
 17.30,   2.05E-007, 
 17.40,   4.23E-008, 
 17.50,   6.18E-008, 
 17.60,   3.89E-007, 
 17.70,   7.89E-007, 
 17.80,   1.14E-006, 
 17.90,   1.35E-006, 
 18.00,   1.60E-006, 
 18.10,   1.68E-006, 
 18.20,   1.56E-006, 
 18.30,   7.00E-007, 
 18.40,   4.89E-008, 
 18.50,   1.81E-008, 
 18.60,   1.15E-008, 
 18.70,   1.12E-008, 
 18.80,   1.21E-008, 
 18.90,   1.30E-008, 
 19.00,   1.48E-008, 
 19.10,   1.56E-008, 
 19.20,   1.51E-008, 
 19.30,   1.19E-008, 
 19.40,   6.55E-009, 
 19.50,   4.21E-009, 
 19.60,   3.98E-009, 
 19.70,   5.30E-009, 
 19.80,   7.31E-009, 
 19.90,   9.50E-009, 
 20.00,   1.17E-008, 
 20.10,   1.35E-008, 
 20.20,   1.44E-008, 
 20.30,   1.22E-008, 
 20.40,   6.35E-009, 
 20.50,   3.34E-009, 
 20.60,   1.95E-009, 
 20.70,   1.26E-009, 
 20.80,   8.30E-010, 
 20.90,   7.77E-010, 
 21.00,   4.98E-010, 
 21.10,   3.95E-010, 
 21.20,   3.89E-010, 
 21.30,   2.43E-010, 
 21.40,   1.80E-010, 
 21.50,  -2.77E-011, 
 21.60,  -9.64E-011, 
 21.70,   3.41E-010, 
 21.80,   4.11E-010, 
 21.90,   3.92E-010, 
 22.00,   3.70E-010, 
 22.10,   4.20E-010, 
 22.20,   4.92E-010, 
 22.30,   5.58E-010, 
 22.40,   2.76E-010, 
 22.50,   2.17E-011, 
 22.60,   1.14E-010, 
 22.70,   3.86E-011, 
 22.80,  -5.90E-011, 
 22.90,   1.20E-011, 
 23.00,  -4.82E-011, 
 23.10,  -2.41E-010, 
 23.20,  -1.47E-010, 
 23.30,  -1.43E-010, 
 23.40,  -3.02E-010, 
 23.50,  -3.02E-010, 
 23.60,  -5.54E-011, 
 23.70,  -7.11E-011, 
 23.80,  -2.53E-011, 
 23.90,   6.75E-011, 
 24.00,  -7.83E-011, 
 24.10,   8.43E-012, 
 24.20,   1.19E-010, 
 24.30,   6.51E-011, 
 24.40,  -3.73E-011, 
 24.50,  -2.14E-010, 
 24.60,  -2.71E-010, 
 24.70,  -7.23E-011, 
 24.80,   3.82E-010, 
 24.90,   4.88E-010, 
 25.00,   4.94E-010, 
 25.10,   7.46E-010, 
 25.20,   7.98E-010, 
 25.30,   7.30E-010, 
 25.40,   2.95E-010, 
 25.50,  -1.06E-010, 
 25.60,   1.90E-010, 
 25.70,   9.88E-010, 
 25.80,   1.91E-009, 
 25.90,   2.91E-009, 
 26.00,   4.10E-009, 
 26.10,   4.62E-009, 
 26.20,   5.12E-009, 
 26.30,   5.16E-009, 
 26.40,   2.83E-009, 
 26.50,   1.55E-009, 
 26.60,   1.31E-009, 
 26.70,   2.04E-009, 
 26.80,   3.57E-009, 
 26.90,   5.25E-009, 
 27.00,   6.55E-009, 
 27.10,   8.49E-009, 
 27.20,   1.21E-008, 
 27.30,   1.62E-008, 
 27.40,   2.09E-008, 
 27.50,   5.51E-008, 
 27.60,   3.76E-007, 
 27.70,   7.74E-007, 
 27.80,   1.20E-006, 
 27.90,   1.31E-006, 
 28.00,   1.42E-006, 
 28.10,   1.52E-006, 
 28.20,   1.59E-006, 
 28.30,   9.34E-007, 
 28.40,   7.58E-008, 
 28.50,   2.11E-008, 
 28.60,   1.31E-008, 
 28.70,   1.40E-008, 
 28.80,   1.80E-008, 
 28.90,   2.21E-008, 
 29.00,   2.50E-008, 
 29.10,   2.56E-008, 
 29.20,   2.79E-008, 
 29.30,   2.53E-008, 
 29.40,   1.26E-008, 
 29.50,   6.38E-009, 
 29.60,   4.28E-009, 
 29.70,   3.83E-009, 
 29.80,   4.34E-009, 
 29.90,   5.20E-009, 
 30.00,   5.89E-009, 
 30.10,   6.21E-009, 
 30.20,   6.66E-009, 
 30.30,   6.23E-009, 
 30.40,   3.92E-009, 
 30.50,   2.29E-009, 
 30.60,   1.64E-009, 
 30.70,   1.72E-009, 
 30.80,   1.94E-009, 
 30.90,   2.20E-009, 
 31.00,   2.74E-009, 
 31.10,   3.52E-009, 
 31.20,   4.87E-009, 
 31.30,   6.58E-009, 
 31.40,   8.48E-009, 
 31.50,   1.79E-008, 
 31.60,   9.77E-008, 
 31.70,   2.87E-007, 
 31.80,   4.44E-007, 
 31.90,   5.25E-007, 
 32.00,   5.66E-007, 
 32.10,   5.75E-007, 
 32.20,   5.68E-007, 
 32.30,   3.24E-007, 
 32.40,   4.57E-008, 
 32.50,   1.63E-008, 
 32.60,   8.60E-009, 
 32.70,   5.33E-009, 
 32.80,   4.05E-009, 
 32.90,   3.28E-009, 
 33.00,   2.40E-009, 
 33.10,   2.07E-009, 
 33.20,   1.98E-009, 
 33.30,   1.51E-009, 
 33.40,   1.26E-009, 
 33.50,   9.92E-010, 
 33.60,   7.17E-010, 
 33.70,   8.82E-010, 
 33.80,   1.37E-009, 
 33.90,   1.56E-009, 
 34.00,   1.84E-009, 
 34.10,   2.19E-009, 
 34.20,   2.22E-009, 
 34.30,   2.02E-009, 
 34.40,   1.43E-009, 
 34.50,   7.02E-010, 
 34.60,   2.23E-010, 
 34.70,   2.63E-010, 
 34.80,   1.73E-010, 
 34.90,   6.02E-012, 
 35.00,   1.20E-012, 
 35.10,  -5.90E-011, 
 35.20,  -1.20E-012, 
 35.30,   2.29E-011, 
 35.40,  -5.42E-011, 
 35.50,   1.01E-010, 
 35.60,  -2.17E-011, 
 35.70,  -4.10E-011, 
 35.80,   1.18E-010, 
 35.90,   4.49E-010, 
 36.00,   3.65E-010, 
 36.10,   4.29E-010, 
 36.20,   5.06E-010, 
 36.30,   3.08E-010, 
 36.40,   1.45E-010, 
 36.50,   1.69E-011, 
 36.60,  -7.35E-011, 
 36.70,  -1.29E-010, 
 36.80,   1.53E-010, 
 36.90,   2.64E-010, 
 37.00,   3.87E-010, 
 37.10,   5.16E-010, 
 37.20,   3.75E-010, 
 37.30,   3.35E-010, 
 37.40,   5.28E-010, 
 37.50,   2.87E-010, 
 37.60,  -3.01E-011, 
 37.70,  -1.45E-011, 
 37.80,  -1.70E-010, 
 37.90,   1.20E-010, 
 38.00,   5.71E-010, 
 38.10,   6.33E-010, 
 38.20,   6.72E-010, 
 38.30,   8.08E-010, 
 38.40,   3.89E-010, 
 38.50,   2.19E-010, 
 38.60,   2.00E-010, 
 38.70,   2.60E-010, 
 38.80,   8.64E-010, 
 38.90,   1.89E-009, 
 39.00,   2.73E-009, 
 39.10,   3.56E-009, 
 39.20,   4.27E-009, 
 39.30,   4.25E-009, 
 39.40,   3.13E-009, 
 39.50,   2.52E-009, 
 39.60,   4.07E-009, 
 39.70,   1.14E-008, 
 39.80,   2.21E-008, 
 39.90,   3.32E-008, 
 40.00,   4.48E-008, 
 40.10,   5.12E-008, 
 40.20,   4.91E-008, 
 40.30,   3.67E-008, 
 40.40,   1.61E-008, 
 40.50,   7.32E-009, 
 40.60,   3.94E-009, 
 40.70,   3.03E-009, 
 40.80,   3.12E-009, 
 40.90,   3.73E-009, 
 41.00,   4.54E-009, 
 41.10,   5.50E-009, 
 41.20,   6.08E-009, 
 41.30,   6.22E-009, 
 41.40,   4.62E-009, 
 41.50,   2.57E-009, 
 41.60,   1.42E-009, 
 41.70,   1.14E-009, 
 41.80,   1.55E-009, 
 41.90,   2.50E-009, 
 42.00,   3.23E-009, 
 42.10,   4.39E-009, 
 42.20,   5.18E-009, 
 42.30,   4.93E-009, 
 42.40,   3.73E-009, 
 42.50,   1.92E-009, 
 42.60,   1.05E-009, 
 42.70,   1.56E-009, 
 42.80,   2.75E-009, 
 42.90,   4.62E-009, 
 43.00,   6.74E-009, 
 43.10,   8.56E-009, 
 43.20,   9.78E-009, 
 43.30,   9.92E-009, 
 43.40,   7.39E-009, 
 43.50,   4.96E-009, 
 43.60,   6.44E-009, 
 43.70,   1.73E-008, 
 43.80,   3.29E-008, 
 43.90,   5.15E-008, 
 44.00,   7.12E-008, 
 44.10,   8.21E-008, 
 44.20,   8.17E-008, 
 44.30,   6.42E-008, 
 44.40,   2.79E-008, 
 44.50,   1.14E-008, 
 44.60,   6.13E-009, 
 44.70,   4.27E-009, 
 44.80,   4.54E-009, 
 44.90,   5.76E-009, 
 45.00,   6.79E-009, 
 45.10,   8.37E-009, 
 45.20,   9.72E-009, 
 45.30,   9.47E-009, 
 45.40,   7.12E-009, 
 45.50,   3.85E-009, 
 45.60,   1.81E-009, 
 45.70,   1.18E-009, 
 45.80,   7.48E-010, 
 45.90,   4.66E-010, 
 46.00,   4.90E-010, 
 46.10,   6.10E-010, 
 46.20,   7.28E-010, 
 46.30,   6.72E-010, 
 46.40,   4.76E-010, 
 46.50,   1.33E-010, 
 46.60,  -9.40E-011, 
 46.70,   3.13E-011, 
 46.80,   1.27E-010, 
 46.90,   2.13E-010, 
 47.00,   4.30E-010, 
 47.10,   3.96E-010, 
 47.20,   6.95E-010, 
 47.30,   7.36E-010, 
 47.40,   1.04E-010, 
 47.50,  -1.00E-010, 
 47.60,  -8.43E-012, 
 47.70,  -1.59E-010, 
 47.80,  -2.05E-010, 
 47.90,  -1.34E-010, 
 48.00,  -2.83E-010, 
 48.10,  -1.87E-010, 
 48.20,  -2.05E-011, 
 48.30,  -1.78E-010, 
 48.40,  -3.81E-010, 
 48.50,  -3.24E-010, 
 48.60,  -4.77E-010, 
 48.70,  -6.02E-010, 
 48.80,  -6.33E-010, 
 48.90,  -6.76E-010, 
 49.00,  -6.41E-010, 
 49.10,  -5.63E-010, 
 49.20,  -7.53E-010, 
 49.30,  -6.18E-010, 
 49.40,  -4.84E-010, 
 49.50,  -6.47E-010, 
 49.60,  -5.71E-010, 
 49.70,  -3.94E-010, 
 49.80,  -4.65E-010, 
 49.90,  -3.31E-010, 
 50.00,  -1.41E-010, 
 50.10,  -2.19E-010, 
 50.20,  -1.20E-011, 
 50.30,   3.51E-010, 
 50.40,   2.05E-011, 
 50.50,  -2.33E-010, 
 50.60,  -4.07E-010, 
 50.70,  -6.25E-010, 
 50.80,  -4.57E-010, 
 50.90,  -2.86E-010, 
 51.00,  -3.07E-010, 
 51.10,   1.81E-011, 
 51.20,   1.90E-010, 
 51.30,   2.02E-010, 
 51.40,   7.71E-011, 
 51.50,  -3.13E-011, 
 51.60,  -2.43E-010, 
 51.70,  -2.58E-010, 
 51.80,  -2.42E-010, 
 51.90,  -5.13E-010, 
 52.00,  -5.70E-010, 
 52.10,  -5.63E-010, 
 52.20,  -6.72E-010, 
 52.30,  -6.83E-010, 
 52.40,  -5.23E-010, 
 52.50,  -6.63E-010, 
 52.60,  -6.52E-010, 
 52.70,  -4.76E-010, 
 52.80,  -5.65E-010, 
 52.90,  -4.41E-010, 
 53.00,  -3.35E-010, 
 53.10,  -4.42E-010, 
 53.20,  -4.08E-010, 
 53.30,  -2.51E-010, 
 53.40,  -3.60E-010, 
 53.50,  -4.69E-010, 
 53.60,  -4.27E-010, 
 53.70,  -4.83E-010, 
 53.80,  -4.54E-010, 
 53.90,  -5.10E-010, 
 54.00,  -4.41E-010, 
 54.10,  -2.63E-010, 
 54.20,  -3.99E-010, 
 54.30,  -6.25E-010, 
 54.40,  -5.00E-010, 
 54.50,  -4.34E-010, 
 54.60,  -5.53E-010, 
 54.70,  -4.99E-010, 
 54.80,  -4.90E-010, 
 54.90,  -3.08E-010, 
 55.00,  -1.48E-010, 
 55.10,   5.42E-011, 
 55.20,   1.30E-010, 
 55.30,   3.13E-010, 
 55.40,   2.22E-010, 
 55.50,  -1.80E-010, 
 55.60,  -4.07E-010, 
 55.70,  -3.66E-010, 
 55.80,  -6.25E-010, 
 55.90,  -5.73E-010, 
 56.00,  -3.65E-010, 
 56.10,  -2.72E-010, 
 56.20,  -7.23E-011, 
 56.30,   1.98E-010, 
 56.40,   4.46E-011, 
 56.50,  -1.23E-010, 
 56.60,  -3.67E-010, 
 56.70,  -7.64E-010, 
 56.80,  -5.71E-010, 
 56.90,  -4.98E-010, 
 57.00,  -6.06E-010, 
 57.10,  -5.41E-010, 
 57.20,  -2.22E-010, 
 57.30,  -1.81E-010, 
 57.40,  -1.66E-010, 
 57.50,  -2.72E-010, 
 57.60,  -4.46E-010, 
 57.70,  -5.93E-010, 
 57.80,  -6.87E-010, 
 57.90,  -6.08E-010, 
 58.00,  -3.89E-010, 
 58.10,  -1.17E-010, 
 58.20,  -3.49E-011, 
 58.30,   1.51E-010, 
 58.40,   2.45E-010, 
 58.50,  -6.87E-011, 
 58.60,  -3.59E-010, 
 58.70,  -3.17E-010, 
 58.80,  -5.01E-010, 
 58.90,  -6.31E-010, 
 59.00,  -5.69E-010, 
 59.10,  -4.94E-010, 
 59.20,  -4.90E-010, 
 59.30,  -4.73E-010, 
 59.40,  -5.16E-010, 
 59.50,  -5.84E-010, 
 59.60,  -5.73E-010, 
 59.70,  -7.18E-010, 
 59.80,  -8.83E-010, 
 59.90,  -7.40E-010, 
 60.00,  -6.33E-010, 
 60.10,  -5.12E-010, 
 60.20,  -6.36E-010, 
 60.30,  -5.66E-010, 
 60.40,  -5.22E-010, 
 60.50,  -6.29E-010, 
 60.60,  -7.65E-010, 
 60.70,  -8.84E-010, 
 60.80,  -6.96E-010, 
 60.90,  -7.02E-010, 
 61.00,  -8.28E-010, 
 61.10,  -8.29E-010, 
 61.20,  -7.08E-010, 
 61.30,  -7.27E-010, 
 61.40,  -5.43E-010, 
 61.50,  -6.05E-010, 
 61.60,  -7.37E-010, 
 61.70,  -5.86E-010, 
 61.80,  -7.31E-010, 
 61.90,  -7.07E-010, 
 62.00,  -6.37E-010, 
 62.10,  -7.12E-010, 
 62.20,  -6.99E-010, 
 62.30,  -5.76E-010, 
 62.40,  -6.30E-010, 
 62.50,  -7.04E-010, 
 62.60,  -7.28E-010, 
 62.70,  -8.43E-010, 
 62.80,  -8.71E-010, 
 62.90,  -6.47E-010, 
 63.00,  -6.95E-010, 
 63.10,  -8.02E-010, 
 63.20,  -7.06E-010, 
 63.30,  -6.61E-010, 
 63.40,  -7.37E-010, 
 63.50,  -6.75E-010, 
 63.60,  -7.61E-010, 
 63.70,  -8.20E-010, 
 63.80,  -6.39E-010, 
 63.90,  -5.51E-010, 
 64.00,  -4.87E-010, 
 64.10,  -3.82E-010, 
 64.20,  -2.96E-010, 
 64.30,  -3.84E-010, 
 64.40,  -3.60E-010, 
 64.50,  -5.33E-010, 
 64.60,  -7.92E-010, 
 64.70,  -6.67E-010, 
 64.80,  -7.28E-010, 
 64.90,  -7.48E-010, 
 65.00,  -5.40E-010, 
 65.10,  -4.87E-010, 
 65.20,  -5.43E-010, 
 65.30,  -5.55E-010, 
 65.40,  -7.49E-010, 
 65.50,  -7.61E-010, 
 65.60,  -6.27E-010, 
 65.70,  -7.13E-010, 
 65.80,  -6.37E-010, 
 65.90,  -5.89E-010, 
 66.00,  -6.67E-010, 
 66.10,  -6.29E-010, 
 66.20,  -4.78E-010, 
 66.30,  -6.11E-010, 
 66.40,  -6.08E-010, 
 66.50,  -6.18E-010, 
 66.60,  -5.55E-010, 
 66.70,  -6.12E-010, 
 66.80,  -5.88E-010, 
 66.90,  -5.37E-010, 
 67.00,  -6.02E-010, 
 67.10,  -6.30E-010, 
 67.20,  -3.60E-010, 
 67.30,  -3.07E-010, 
 67.40,  -2.11E-010, 
 67.50,  -5.08E-010, 
 67.60,  -5.90E-010, 
 67.70,  -5.54E-010, 
 67.80,  -4.54E-010, 
 67.90,  -6.77E-010, 
 68.00,  -6.42E-010, 
 68.10,  -5.52E-010, 
 68.20,  -7.18E-010, 
 68.30,  -5.95E-010, 
 68.40,  -5.88E-010, 
 68.50,  -7.88E-010, 
 68.60,  -6.57E-010, 
 68.70,  -6.54E-010, 
 68.80,  -6.81E-010, 
 68.90,  -1.63E-010, 
 69.00,   3.88E-010, 
 69.10,   8.67E-010, 
 69.20,   1.31E-009, 
 69.30,   1.68E-009, 
 69.40,   1.37E-009, 
 69.50,   8.48E-010, 
 69.60,   2.51E-010, 
 69.70,  -3.47E-010, 
 69.80,  -3.81E-010, 
 69.90,  -4.92E-010, 
 70.00,  -7.55E-010, 
 70.10,  -7.52E-010, 
 70.20,  -8.01E-010, 
 70.30,  -6.49E-010, 
 70.40,  -6.67E-010, 
 70.50,  -6.14E-010, 
 70.60,  -6.36E-010, 
 70.70,  -6.80E-010, 
 70.80,  -5.39E-010, 
 70.90,  -6.60E-010, 
 71.00,  -4.49E-010, 
 71.10,  -4.23E-010, 
 71.20,  -6.72E-010, 
 71.30,  -5.51E-010, 
 71.40,  -6.52E-010, 
 71.50,  -5.60E-010, 
 71.60,  -4.31E-010, 
 71.70,  -3.00E-010, 
 71.80,  -6.02E-010, 
 71.90,  -7.01E-010, 
 72.00,  -5.88E-010, 
 72.10,  -6.88E-010, 
 72.20,  -6.59E-010, 
 72.30,  -5.42E-010, 
 72.40,  -7.45E-010, 
 72.50,  -6.18E-010, 
 72.60,  -6.11E-010, 
 72.70,  -7.36E-010, 
 72.80,  -6.16E-010, 
 72.90,  -4.92E-010, 
 73.00,  -5.47E-010, 
 73.10,  -4.34E-010, 
 73.20,  -2.57E-010, 
 73.30,  -3.51E-010, 
 73.40,  -2.92E-010, 
 73.50,  -2.16E-010, 
 73.60,  -5.41E-010, 
 73.70,  -5.55E-010, 
 73.80,  -5.48E-010, 
 73.90,  -8.84E-010, 
 74.00,  -8.02E-010, 
 74.10,  -6.61E-010, 
 74.20,  -7.99E-010, 
 74.30,  -7.31E-010, 
 74.40,  -5.83E-010, 
 74.50,  -7.04E-010, 
 74.60,  -7.05E-010, 
 74.70,  -7.41E-010, 
 74.80,  -8.51E-010, 
 74.90,  -6.70E-010, 
 75.00,  -6.69E-010, 
 75.10,  -6.39E-010, 
 75.20,  -6.12E-010, 
 75.30,  -6.36E-010, 
 75.40,  -7.51E-010, 
 75.50,  -6.36E-010, 
 75.60,  -6.25E-010, 
 75.70,  -5.84E-010, 
 75.80,  -5.63E-010, 
 75.90,  -6.14E-010, 
 76.00,  -6.22E-010, 
 76.10,  -6.53E-010, 
 76.20,  -8.98E-010, 
 76.30,  -8.90E-010, 
 76.40,  -8.17E-010, 
 76.50,  -7.60E-010, 
 76.60,  -8.93E-010, 
 76.70,  -7.37E-010, 
 76.80,  -5.08E-010, 
 76.90,  -7.27E-010, 
 77.00,  -6.67E-010, 
 77.10,  -7.12E-010, 
 77.20,  -8.08E-010, 
 77.30,  -6.92E-010, 
 77.40,  -7.99E-010, 
 77.50,  -9.05E-010, 
 77.60,  -8.14E-010, 
 77.70,  -7.36E-010, 
 77.80,  -6.59E-010, 
 77.90,  -6.59E-010, 
 78.00,  -6.59E-010, 
 78.10,  -8.90E-010, 
 78.20,  -6.98E-010, 
 78.30,  -5.27E-010, 
 78.40,  -5.58E-010, 
 78.50,  -5.35E-010, 
 78.60,  -3.94E-010, 
 78.70,  -6.10E-010, 
 78.80,  -5.64E-010, 
 78.90,  -4.94E-010, 
 79.00,  -7.61E-010, 
 79.10,  -6.39E-010, 
 79.20,  -5.67E-010, 
 79.30,  -7.28E-010, 
 79.40,  -7.35E-010, 
 79.50,  -8.13E-010, 
 79.60,  -8.57E-010, 
 79.70,  -1.00E-009, 
 79.80,  -8.01E-010, 
 79.90,  -7.58E-010, 
 80.00,  -5.52E-010, 
 80.10,  -6.00E-010, 
 80.20,  -7.84E-010, 
 80.30,  -7.37E-010, 
 80.40,  -6.48E-010, 
 80.50,  -7.31E-010, 
 80.60,  -7.45E-010, 
 80.70,  -6.30E-010, 
 80.80,  -7.72E-010, 
 80.90,  -8.24E-010, 
 81.00,  -6.13E-010, 
 81.10,  -6.14E-010, 
 81.20,  -4.43E-010, 
 81.30,  -4.33E-010, 
 81.40,  -5.60E-010, 
 81.50,  -4.00E-010, 
 81.60,  -4.16E-010, 
 81.70,  -6.54E-010, 
 81.80,  -6.83E-010, 
 81.90,  -5.88E-010, 
 82.00,  -5.49E-010, 
 82.10,  -5.30E-010, 
 82.20,  -5.08E-010, 
 82.30,  -4.53E-010, 
 82.40,  -4.84E-010, 
 82.50,  -4.60E-010, 
 82.60,  -6.69E-010, 
 82.70,  -7.76E-010, 
 82.80,  -7.45E-010, 
 82.90,  -8.46E-010, 
 83.00,  -7.60E-010, 
 83.10,  -5.72E-010, 
 83.20,  -6.64E-010, 
 83.30,  -5.60E-010, 
 83.40,  -5.04E-010, 
 83.50,  -4.95E-010, 
 83.60,  -5.34E-010, 
 83.70,  -5.73E-010, 
 83.80,  -6.82E-010, 
 83.90,  -7.16E-010, 
 84.00,  -7.66E-010, 
 84.10,  -8.65E-010, 
 84.20,  -7.65E-010, 
 84.30,  -7.04E-010, 
 84.40,  -6.73E-010, 
 84.50,  -7.12E-010, 
 84.60,  -7.81E-010, 
 84.70,  -9.33E-010, 
 84.80,  -8.33E-010, 
 84.90,  -7.54E-010, 
 85.00,  -8.58E-010, 
 85.10,  -7.77E-010, 
 85.20,  -6.27E-010, 
 85.30,  -7.06E-010, 
 85.40,  -7.16E-010, 
 85.50,  -5.90E-010, 
 85.60,  -7.72E-010, 
 85.70,  -8.18E-010, 
 85.80,  -8.17E-010, 
 85.90,  -7.37E-010, 
 86.00,  -7.46E-010, 
 86.10,  -5.81E-010, 
 86.20,  -7.93E-010, 
 86.30,  -9.63E-010, 
 86.40,  -6.99E-010, 
 86.50,  -7.42E-010, 
 86.60,  -8.25E-010, 
 86.70,  -6.88E-010, 
 86.80,  -6.43E-010, 
 86.90,  -7.08E-010, 
 87.00,  -7.93E-010, 
 87.10,  -8.96E-010, 
 87.20,  -9.51E-010, 
 87.30,  -7.77E-010, 
 87.40,  -6.86E-010, 
 87.50,  -6.81E-010, 
 87.60,  -6.53E-010, 
 87.70,  -7.35E-010, 
 87.80,  -7.75E-010, 
 87.90,  -8.10E-010, 
 88.00,  -8.86E-010, 
 88.10,  -8.55E-010, 
 88.20,  -8.37E-010, 
 88.30,  -9.04E-010, 
 88.40,  -8.75E-010, 
 88.50,  -9.01E-010, 
 88.60,  -1.00E-009, 
 88.70,  -9.58E-010, 
 88.80,  -7.70E-010, 
 88.90,  -7.67E-010, 
 89.00,  -8.22E-010, 
 89.10,  -7.41E-010, 
 89.20,  -7.86E-010, 
 89.30,  -7.64E-010, 
 89.40,  -7.18E-010, 
 89.50,  -8.00E-010, 
 89.60,  -7.28E-010, 
 89.70,  -7.60E-010, 
 89.80,  -8.36E-010, 
 89.90,  -7.42E-010, 
 90.00,  -6.08E-010, 
 90.10,  -6.98E-010, 
 90.20,  -8.34E-010, 
 90.30,  -6.75E-010, 
 90.40,  -7.75E-010, 
 90.50,  -8.28E-010, 
 90.60,  -6.19E-010, 
 90.70,  -6.30E-010, 
 90.80,  -8.36E-010, 
 90.90,  -7.72E-010, 
 91.00,  -7.34E-010, 
 91.10,  -7.48E-010, 
 91.20,  -8.06E-010, 
 91.30,  -6.47E-010, 
 91.40,  -7.10E-010, 
 91.50,  -6.76E-010, 
 91.60,  -7.17E-010, 
 91.70,  -7.46E-010, 
 91.80,  -7.45E-010, 
 91.90,  -8.75E-010, 
 92.00,  -8.23E-010, 
 92.10,  -6.12E-010, 
 92.20,  -5.78E-010, 
 92.30,  -7.43E-010, 
 92.40,  -6.53E-010, 
 92.50,  -5.41E-010, 
 92.60,  -6.90E-010, 
 92.70,  -6.58E-010, 
 92.80,  -6.94E-010, 
 92.90,  -9.41E-010, 
 93.00,  -8.90E-010, 
 93.10,  -7.70E-010, 
 93.20,  -8.29E-010, 
 93.30,  -6.58E-010, 
 93.40,  -5.37E-010, 
 93.50,  -7.05E-010, 
 93.60,  -6.24E-010, 
 93.70,  -7.52E-010, 
 93.80,  -7.78E-010, 
 93.90,  -8.30E-010, 
 94.00,  -8.61E-010, 
 94.10,  -9.07E-010, 
 94.20,  -7.83E-010, 
 94.30,  -7.24E-010, 
 94.40,  -5.45E-010, 
 94.50,  -5.80E-010, 
 94.60,  -6.93E-010, 
 94.70,  -6.99E-010, 
 94.80,  -5.25E-010, 
 94.90,  -4.58E-010, 
 95.00,  -6.35E-010, 
 95.10,  -7.73E-010, 
 95.20,  -9.08E-010, 
 95.30,  -7.78E-010, 
 95.40,  -6.23E-010, 
 95.50,  -5.90E-010, 
 95.60,  -5.88E-010, 
 95.70,  -5.37E-010, 
 95.80,  -5.47E-010, 
 95.90,  -6.29E-010, 
 96.00,  -6.30E-010, 
 96.10,  -6.01E-010, 
 96.20,  -5.41E-010, 
 96.30,  -5.41E-010, 
 96.40,  -5.98E-010, 
 96.50,  -8.64E-010, 
 96.60,  -7.45E-010, 
 96.70,  -6.93E-010, 
 96.80,  -7.11E-010, 
 96.90,  -6.11E-010, 
 97.00,  -5.37E-010, 
 97.10,  -4.53E-010, 
 97.20,  -4.04E-010, 
 97.30,  -4.75E-010, 
 97.40,  -5.25E-010, 
 97.50,  -5.24E-010, 
 97.60,  -5.55E-010, 
 97.70,  -6.30E-010, 
 97.80,  -5.99E-010, 
 97.90,  -6.63E-010, 
 98.00,  -7.25E-010, 
 98.10,  -6.35E-010, 
 98.20,  -7.24E-010, 
 98.30,  -5.88E-010, 
 98.40,  -3.71E-010, 
 98.50,  -4.53E-010, 
 98.60,  -7.13E-010, 
 98.70,  -5.78E-010, 
 98.80,  -5.34E-010, 
 98.90,  -7.07E-010, 
 99.00,  -6.90E-010, 
 99.10,  -5.93E-010, 
 99.20,  -7.64E-010, 
 99.30,  -8.07E-010, 
 99.40,  -6.52E-010, 
 99.50,  -8.14E-010, 
 99.60,  -6.16E-010, 
 99.70,  -5.47E-010, 
 99.80,  -8.13E-010, 
 99.90,  -6.82E-010, 
 100.00,  -4.89E-010, 
