1.10006E-1	4.48758E+2
1.02206E+1	4.48936E+2
2.03322E+1	4.49135E+2
3.04427E+1	4.49330E+2
4.05533E+1	4.49476E+2
5.06649E+1	4.49699E+2
6.07745E+1	4.49901E+2
7.08861E+1	4.50083E+2
8.09956E+1	4.50173E+2
9.11072E+1	4.50330E+2
1.01218E+2	4.50518E+2
1.11328E+2	4.50679E+2
1.21441E+2	4.50783E+2
1.31551E+2	4.50933E+2
1.41662E+2	4.51072E+2
1.51774E+2	4.51212E+2
1.61883E+2	4.51365E+2
1.71995E+2	4.51462E+2
1.82104E+2	4.51647E+2
1.92217E+2	4.51797E+2
2.02327E+2	4.51947E+2
2.12438E+2	4.52062E+2
2.22549E+2	4.52229E+2
2.32659E+2	4.52390E+2
2.42772E+2	4.52466E+2
2.52881E+2	4.52595E+2
2.62994E+2	4.52745E+2
2.73104E+2	4.52824E+2
2.83215E+2	4.52988E+2
2.93325E+2	4.53145E+2
3.03435E+2	4.53228E+2
3.13547E+2	4.53382E+2
3.23657E+2	4.53518E+2
3.33769E+2	4.53665E+2
3.43880E+2	4.53741E+2
3.53988E+2	4.53870E+2
3.64100E+2	4.54006E+2
3.74210E+2	4.54079E+2
3.84321E+2	4.54215E+2
3.94431E+2	4.54337E+2
4.04542E+2	4.54371E+2
4.14652E+2	4.54483E+2
4.24762E+2	4.54587E+2
4.34874E+2	4.54625E+2
4.44983E+2	4.54709E+2
4.55095E+2	4.54779E+2
4.65204E+2	4.54809E+2
4.75315E+2	4.54918E+2
4.85426E+2	4.55047E+2
4.95536E+2	4.55186E+2
5.05649E+2	4.55269E+2
5.15758E+2	4.55381E+2
5.25871E+2	4.55510E+2
5.35981E+2	4.55572E+2
5.46091E+2	4.55698E+2
5.56201E+2	4.55813E+2
5.66311E+2	4.55875E+2
5.76423E+2	4.55980E+2
5.86533E+2	4.56067E+2
5.96644E+2	4.56151E+2
6.06755E+2	4.56189E+2
6.16865E+2	4.56314E+2
6.26976E+2	4.56430E+2
6.37086E+2	4.56527E+2
6.47198E+2	4.56555E+2
6.57308E+2	4.56635E+2
6.67419E+2	4.56705E+2
6.77530E+2	4.56711E+2
6.87640E+2	4.56788E+2
6.97751E+2	4.56844E+2
7.07860E+2	4.56910E+2
7.17973E+2	4.56934E+2
7.28083E+2	4.57007E+2
7.38193E+2	4.57091E+2
7.48304E+2	4.57107E+2
7.58414E+2	4.57198E+2
7.68526E+2	4.57258E+2
7.78636E+2	4.57334E+2
7.88747E+2	4.57358E+2
7.98858E+2	4.57424E+2
8.08968E+2	4.57505E+2
8.19079E+2	4.57525E+2
8.29189E+2	4.57612E+2
8.39301E+2	4.57703E+2
8.49411E+2	4.57783E+2
8.59522E+2	4.57783E+2
8.69633E+2	4.57828E+2
8.79743E+2	4.57866E+2
8.89856E+2	4.57912E+2
8.99965E+2	4.57971E+2
9.10078E+2	4.57974E+2
9.20187E+2	4.58061E+2
9.30296E+2	4.58138E+2
9.40407E+2	4.58141E+2
9.50516E+2	4.58204E+2
9.60628E+2	4.58267E+2
9.70739E+2	4.58326E+2
9.80851E+2	4.58315E+2
9.90961E+2	4.58367E+2
1.00107E+3	4.58437E+2
1.01118E+3	4.58465E+2
1.02129E+3	4.58447E+2
1.03140E+3	4.58559E+2
1.04151E+3	4.58551E+2
1.05163E+3	4.58600E+2
1.06174E+3	4.58656E+2
1.07185E+3	4.58638E+2
1.08196E+3	4.58690E+2
1.09207E+3	4.58746E+2
1.10218E+3	4.58809E+2
1.11229E+3	4.58882E+2
1.12240E+3	4.58935E+2
1.13251E+3	4.58941E+2
1.14262E+3	4.59007E+2
1.15273E+3	4.59067E+2
1.16284E+3	4.59116E+2
1.17295E+3	4.59094E+2
1.18306E+3	4.59136E+2
1.19318E+3	4.59171E+2
1.20329E+3	4.59192E+2
1.21340E+3	4.59241E+2
1.22351E+3	4.59279E+2
1.23362E+3	4.59244E+2
1.24373E+3	4.59275E+2
1.25384E+3	4.59313E+2
1.26395E+3	4.59359E+2
1.27406E+3	4.59394E+2
1.28417E+3	4.59418E+2
1.29428E+3	4.59460E+2
1.30439E+3	4.59424E+2
1.31450E+3	4.59449E+2
1.32461E+3	4.59477E+2
1.33472E+3	4.59501E+2
1.34484E+3	4.59522E+2
1.35495E+3	4.59543E+2
1.36506E+3	4.59504E+2
1.37517E+3	4.59539E+2
1.38528E+3	4.59563E+2
1.39539E+3	4.59577E+2
1.40550E+3	4.59588E+2
1.41561E+3	4.59619E+2
1.42572E+3	4.59668E+2
1.43583E+3	4.59647E+2
1.44594E+3	4.59695E+2
1.45605E+3	4.59769E+2
1.46616E+3	4.59901E+2
1.47627E+3	4.60079E+2
1.48638E+3	4.60282E+2
1.49649E+3	4.60516E+2
1.50660E+3	4.60784E+2
1.51671E+3	4.61046E+2
1.52682E+3	4.61308E+2
1.53693E+3	4.61584E+2
1.54704E+3	4.61845E+2
1.55715E+3	4.62107E+2
1.56726E+3	4.62390E+2
1.57738E+3	4.62585E+2
1.58749E+3	4.62917E+2
1.59760E+3	4.63189E+2
1.60771E+3	4.63405E+2
1.61782E+3	4.63737E+2
1.62793E+3	4.64016E+2
1.63804E+3	4.64211E+2
1.64815E+3	4.64480E+2
1.65826E+3	4.64769E+2
1.66837E+3	4.65042E+2
1.67848E+3	4.65419E+2
1.68859E+3	4.65737E+2
1.69870E+3	4.66047E+2
1.70881E+3	4.66347E+2
1.71893E+3	4.66665E+2
1.72904E+3	4.66996E+2
1.73915E+3	4.67338E+2
1.74926E+3	4.67669E+2
1.75937E+3	4.68032E+2
1.76948E+3	4.68416E+2
1.77959E+3	4.68817E+2
1.78970E+3	4.69229E+2
1.79982E+3	4.69609E+2
1.80993E+3	4.69979E+2
1.82004E+3	4.70342E+2
1.83015E+3	4.70680E+2
1.84026E+3	4.71029E+2
1.85037E+3	4.71402E+2
1.86048E+3	4.71757E+2
1.87059E+3	4.72110E+2
1.88070E+3	4.72490E+2
1.89081E+3	4.72866E+2
1.90092E+3	4.73257E+2
1.91103E+3	4.73665E+2
1.92114E+3	4.74139E+2
1.93125E+3	4.74586E+2
1.94136E+3	4.75032E+2
1.95147E+3	4.75509E+2
1.96158E+3	4.75976E+2
1.97169E+3	4.76408E+2
1.98180E+3	4.76788E+2
1.99191E+3	4.77164E+2
2.00202E+3	4.77589E+2
2.01213E+3	4.77962E+2
2.02224E+3	4.78446E+2
2.03235E+3	4.78875E+2
2.04246E+3	4.79334E+2
2.05257E+3	4.79717E+2
2.06268E+3	4.80236E+2
2.07279E+3	4.80643E+2
2.08291E+3	4.81082E+2
2.09302E+3	4.81524E+2
2.10313E+3	4.82004E+2
2.11324E+3	4.82460E+2
2.12335E+3	4.82958E+2
2.13346E+3	4.83424E+2
2.14357E+3	4.83894E+2
2.15368E+3	4.84377E+2
2.16379E+3	4.84903E+2
2.17390E+3	4.85393E+2
2.18401E+3	4.85873E+2
2.19412E+3	4.86387E+2
2.20424E+3	4.86912E+2
2.21435E+3	4.87423E+2
2.22446E+3	4.87892E+2
2.23457E+3	4.88417E+2
2.24468E+3	4.88900E+2
2.25479E+3	4.89407E+2
2.26490E+3	4.89952E+2
2.27501E+3	4.90494E+2
2.28512E+3	4.91046E+2
2.29523E+3	4.91588E+2
2.30534E+3	4.92115E+2
2.31545E+3	4.92653E+2
2.32556E+3	4.93191E+2
2.33567E+3	4.93739E+2
2.34578E+3	4.94298E+2
2.35589E+3	4.94849E+2
2.36601E+3	4.95390E+2
2.37612E+3	4.95941E+2
2.38623E+3	4.96555E+2
2.39634E+3	4.97141E+2
2.40645E+3	4.97681E+2
2.41656E+3	4.98308E+2
2.42667E+3	4.98948E+2
2.43678E+3	4.99592E+2
2.44689E+3	5.00243E+2
2.45700E+3	5.00870E+2
2.46711E+3	5.01461E+2
2.47722E+3	5.02063E+2
2.48733E+3	5.02686E+2
2.49744E+3	5.03284E+2
2.50755E+3	5.03775E+2
2.51766E+3	5.04369E+2
2.52777E+3	5.05054E+2
2.53789E+3	5.05634E+2
2.54799E+3	5.06297E+2
2.55811E+3	5.06929E+2
2.56822E+3	5.07578E+2
2.57833E+3	5.08216E+2
2.58844E+3	5.08831E+2
2.59855E+3	5.09476E+2
2.60866E+3	5.10128E+2
2.61877E+3	5.10755E+2
2.62888E+3	5.11299E+2
2.63899E+3	5.11975E+2
2.64910E+3	5.12667E+2
2.65921E+3	5.13401E+2
2.66932E+3	5.14207E+2
2.67943E+3	5.15036E+2
2.68954E+3	5.15831E+2
2.69965E+3	5.16571E+2
2.70976E+3	5.17262E+2
2.71987E+3	5.17925E+2
2.72999E+3	5.18595E+2
2.74010E+3	5.19275E+2
2.75021E+3	5.20148E+2
2.76032E+3	5.21013E+2
2.77043E+3	5.21841E+2
2.78054E+3	5.22581E+2
2.79065E+3	5.23394E+2
2.80076E+3	5.24241E+2
2.81087E+3	5.25077E+2
2.82098E+3	5.25920E+2
2.83109E+3	5.26766E+2
2.84120E+3	5.27615E+2
2.85131E+3	5.28508E+2
2.86142E+3	5.29500E+2
2.87153E+3	5.30478E+2
2.88164E+3	5.31446E+2
2.89175E+3	5.32454E+2
2.90187E+3	5.33451E+2
2.91198E+3	5.34458E+2
2.92209E+3	5.35509E+2
2.93220E+3	5.36494E+2
2.94231E+3	5.37551E+2
2.95242E+3	5.38607E+2
2.96253E+3	5.39721E+2
2.97264E+3	5.40848E+2
2.98275E+3	5.42090E+2
2.99286E+3	5.43393E+2
3.00297E+3	5.44677E+2
3.01308E+3	5.45914E+2
3.02319E+3	5.47279E+2
3.03330E+3	5.48650E+2
3.04342E+3	5.50125E+2
3.05352E+3	5.51725E+2
3.06364E+3	5.53304E+2
3.07374E+3	5.54959E+2
3.08385E+3	5.56418E+2
3.09396E+3	5.57469E+2
3.10408E+3	5.58237E+2
3.11419E+3	5.58876E+2
3.12430E+3	5.59474E+2
3.13441E+3	5.60102E+2
3.14452E+3	5.60720E+2
3.15463E+3	5.61278E+2
3.16474E+3	5.61872E+2
3.17485E+3	5.62564E+2
3.18496E+3	5.63313E+2
3.19507E+3	5.64042E+2
3.20518E+3	5.64672E+2
3.21529E+3	5.65350E+2
3.22540E+3	5.66102E+2
3.23551E+3	5.66935E+2
3.24562E+3	5.67662E+2
3.25574E+3	5.68333E+2
3.26584E+3	5.69000E+2
3.27595E+3	5.69673E+2
3.28606E+3	5.70333E+2
3.29617E+3	5.70959E+2
3.30628E+3	5.71564E+2
3.31639E+3	5.72352E+2
3.32651E+3	5.73190E+2
3.33662E+3	5.74121E+2
3.34673E+3	5.74959E+2
3.35684E+3	5.75651E+2
3.36695E+3	5.76266E+2
3.37706E+3	5.76844E+2
3.38717E+3	5.77489E+2
3.39728E+3	5.78086E+2
3.40739E+3	5.78876E+2
3.41750E+3	5.79625E+2
3.42761E+3	5.80383E+2
3.43772E+3	5.81155E+2
3.44783E+3	5.81910E+2
3.45794E+3	5.82678E+2
3.46805E+3	5.83453E+2
3.47816E+3	5.84194E+2
3.48827E+3	5.84885E+2
3.49839E+3	5.85569E+2
3.50849E+3	5.86256E+2
3.51861E+3	5.86926E+2
3.52872E+3	5.87589E+2
3.53883E+3	5.88310E+2
3.54894E+3	5.89050E+2
3.55905E+3	5.89770E+2
3.56916E+3	5.90469E+2
3.57927E+3	5.91075E+2
3.58938E+3	5.91661E+2
3.59949E+3	5.92264E+2
3.60960E+3	5.92916E+2
3.61971E+3	5.93639E+2
3.62982E+3	5.94304E+2
3.63993E+3	5.95097E+2
3.65004E+3	5.95874E+2
3.66015E+3	5.96556E+2
3.67026E+3	5.97234E+2
3.68037E+3	5.97920E+2
3.69049E+3	5.98608E+2
3.70060E+3	5.99373E+2
3.71071E+3	6.00018E+2
3.72082E+3	6.00646E+2
3.73093E+3	6.01191E+2
3.74104E+3	6.01709E+2
3.75115E+3	6.02125E+2
3.76126E+3	6.02643E+2
3.77137E+3	6.03295E+2
3.78148E+3	6.03945E+2
3.79159E+3	6.04744E+2
3.80170E+3	6.05435E+2
3.81181E+3	6.06011E+2
3.82192E+3	6.06642E+2
3.83203E+3	6.07403E+2
3.84214E+3	6.08161E+2
3.85225E+3	6.08885E+2
3.86236E+3	6.09512E+2
3.87247E+3	6.10119E+2
3.88258E+3	6.10709E+2
3.89269E+3	6.11296E+2
3.90280E+3	6.11839E+2
3.91291E+3	6.12476E+2
3.92302E+3	6.13173E+2
3.93313E+3	6.13816E+2
3.94324E+3	6.14486E+2
3.95335E+3	6.15199E+2
3.96346E+3	6.15919E+2
3.97357E+3	6.16568E+2
3.98368E+3	6.17135E+2
3.99379E+3	6.17634E+2
4.00391E+3	6.18284E+2
4.01402E+3	6.18840E+2
4.02413E+3	6.19352E+2
4.03424E+3	6.19999E+2
4.04435E+3	6.20628E+2
4.05446E+3	6.21277E+2
4.06457E+3	6.21853E+2
4.07468E+3	6.22569E+2
4.08479E+3	6.23151E+2
4.09490E+3	6.23833E+2
4.10501E+3	6.24465E+2
4.11512E+3	6.25224E+2
4.12523E+3	6.25999E+2
4.13534E+3	6.26714E+2
4.14545E+3	6.27399E+2
4.15556E+3	6.28065E+2
4.16567E+3	6.28683E+2
4.17578E+3	6.29215E+2
4.18589E+3	6.29697E+2
4.19600E+3	6.30173E+2
4.20611E+3	6.30688E+2
4.21623E+3	6.31353E+2
4.22634E+3	6.32134E+2
4.23645E+3	6.32928E+2
4.24656E+3	6.33680E+2
4.25667E+3	6.34314E+2
4.26678E+3	6.34936E+2
4.27689E+3	6.35540E+2
4.28701E+3	6.36158E+2
4.29712E+3	6.36859E+2
4.30723E+3	6.37580E+2
4.31734E+3	6.38244E+2
4.32745E+3	6.38832E+2
4.33756E+3	6.39317E+2
4.34767E+3	6.39818E+2
4.35778E+3	6.40399E+2
4.36789E+3	6.41003E+2
4.37800E+3	6.41574E+2
4.38811E+3	6.42158E+2
4.39822E+3	6.42712E+2
4.40833E+3	6.43247E+2
4.41844E+3	6.43861E+2
4.42855E+3	6.44567E+2
4.43866E+3	6.45241E+2
4.44877E+3	6.45944E+2
4.45888E+3	6.46598E+2
4.46899E+3	6.47211E+2
4.47910E+3	6.47778E+2
4.48921E+3	6.48425E+2
4.49932E+3	6.49058E+2
4.50943E+3	6.49659E+2
4.51954E+3	6.50371E+2
4.52965E+3	6.51014E+2
4.53976E+3	6.51548E+2
4.54988E+3	6.52128E+2
4.55998E+3	6.52791E+2
4.57009E+3	6.53546E+2
4.58020E+3	6.54332E+2
4.59031E+3	6.55110E+2
4.60042E+3	6.55836E+2
4.61053E+3	6.56415E+2
4.62064E+3	6.56902E+2
4.63075E+3	6.57403E+2
4.64086E+3	6.57922E+2
4.65097E+3	6.58528E+2
4.66108E+3	6.59167E+2
4.67119E+3	6.59776E+2
4.68130E+3	6.60482E+2
4.69141E+3	6.61107E+2
4.70152E+3	6.61759E+2
4.71163E+3	6.62361E+2
4.72174E+3	6.62947E+2
4.73185E+3	6.63493E+2
4.74197E+3	6.64006E+2
4.75207E+3	6.64552E+2
4.76218E+3	6.65137E+2
4.77229E+3	6.65789E+2
4.78240E+3	6.66460E+2
4.79252E+3	6.67171E+2
4.80262E+3	6.67934E+2
4.81274E+3	6.68605E+2
4.82285E+3	6.69191E+2
4.83296E+3	6.69908E+2
4.84307E+3	6.70635E+2
4.85318E+3	6.71276E+2
4.86329E+3	6.71857E+2
4.87340E+3	6.72366E+2
4.88351E+3	6.72878E+2
4.89362E+3	6.73397E+2
4.90373E+3	6.74001E+2
4.91384E+3	6.74761E+2
4.92395E+3	6.75504E+2
4.93406E+3	6.76178E+2
4.94417E+3	6.76808E+2
4.95428E+3	6.77372E+2
4.96439E+3	6.77841E+2
4.97450E+3	6.78392E+2
4.98461E+3	6.79015E+2
4.99472E+3	6.79847E+2
5.00484E+3	6.80573E+2
5.01495E+3	6.81120E+2
5.02506E+3	6.81813E+2
5.03517E+3	6.82434E+2
5.04528E+3	6.83030E+2
5.05539E+3	6.83604E+2
5.06550E+3	6.84247E+2
5.07561E+3	6.84804E+2
5.08572E+3	6.85466E+2
5.09583E+3	6.86248E+2
5.10594E+3	6.86926E+2
5.11605E+3	6.87596E+2
5.12616E+3	6.88060E+2
5.13627E+3	6.88475E+2
5.14638E+3	6.89088E+2
5.15649E+3	6.89875E+2
5.16660E+3	6.90488E+2
5.17671E+3	6.90998E+2
5.18682E+3	6.91538E+2
5.19693E+3	6.92104E+2
5.20704E+3	6.92704E+2
5.21715E+3	6.93465E+2
5.22726E+3	6.94093E+2
5.23737E+3	6.94719E+2
5.24748E+3	6.95321E+2
5.25759E+3	6.95755E+2
5.26770E+3	6.96354E+2
5.27781E+3	6.97107E+2
5.28792E+3	6.97749E+2
5.29804E+3	6.98288E+2
5.30815E+3	6.98903E+2
5.31826E+3	6.99476E+2
5.32837E+3	7.00041E+2
5.33848E+3	7.00643E+2
5.34859E+3	7.01304E+2
5.35870E+3	7.01893E+2
5.36881E+3	7.02379E+2
5.37892E+3	7.02807E+2
5.38903E+3	7.03306E+2
5.39914E+3	7.04007E+2
5.40925E+3	7.04684E+2
5.41936E+3	7.05351E+2
5.42947E+3	7.06038E+2
5.43958E+3	7.06623E+2
5.44969E+3	7.07168E+2
5.45980E+3	7.07749E+2
5.46991E+3	7.08364E+2
5.48002E+3	7.08995E+2
5.49013E+3	7.09717E+2
5.50024E+3	7.10446E+2
5.51035E+3	7.11024E+2
5.52046E+3	7.11566E+2
5.53057E+3	7.12066E+2
5.54068E+3	7.12502E+2
5.55080E+3	7.13149E+2
5.56091E+3	7.13740E+2
5.57102E+3	7.14308E+2
5.58113E+3	7.14951E+2
5.59124E+3	7.15700E+2
5.60135E+3	7.16320E+2
5.61146E+3	7.16852E+2
5.62157E+3	7.17440E+2
5.63168E+3	7.17978E+2
5.64179E+3	7.18471E+2
5.65190E+3	7.18946E+2
5.66201E+3	7.19514E+2
5.67212E+3	7.20213E+2
5.68223E+3	7.20909E+2
5.69234E+3	7.21506E+2
5.70245E+3	7.22054E+2
5.71256E+3	7.22664E+2
5.72267E+3	7.23426E+2
5.73278E+3	7.24027E+2
5.74289E+3	7.24637E+2
5.75300E+3	7.25349E+2
5.76311E+3	7.25887E+2
5.77322E+3	7.26402E+2
5.78333E+3	7.27002E+2
5.79344E+3	7.27658E+2
5.80355E+3	7.28180E+2
5.81366E+3	7.28655E+2
5.82377E+3	7.29082E+2
5.83388E+3	7.29551E+2
5.84399E+3	7.30125E+2
5.85410E+3	7.30751E+2
5.86421E+3	7.31503E+2
5.87432E+3	7.32313E+2
5.88443E+3	7.33248E+2
5.89455E+3	7.34074E+2
5.90465E+3	7.34727E+2
5.91477E+3	7.35304E+2
5.92488E+3	7.35865E+2
5.93499E+3	7.36380E+2
5.94510E+3	7.36905E+2
5.95521E+3	7.37512E+2
5.96532E+3	7.38282E+2
5.97543E+3	7.38873E+2
5.98554E+3	7.39335E+2
5.99565E+3	7.39784E+2
6.00576E+3	7.40243E+2
6.01587E+3	7.40709E+2
6.02598E+3	7.41251E+2
6.03609E+3	7.41755E+2
6.04620E+3	7.42444E+2
6.05631E+3	7.43057E+2
6.06642E+3	7.43765E+2
6.07653E+3	7.44480E+2
6.08664E+3	7.45097E+2
6.09675E+3	7.45661E+2
6.10686E+3	7.46192E+2
6.11697E+3	7.46812E+2
6.12708E+3	7.47487E+2
6.13720E+3	7.48123E+2
6.14730E+3	7.48563E+2
6.15741E+3	7.49051E+2
6.16752E+3	7.49736E+2
6.17763E+3	7.50491E+2
6.18774E+3	7.51041E+2
6.19785E+3	7.51697E+2
6.20796E+3	7.52248E+2
6.21807E+3	7.52825E+2
6.22818E+3	7.53445E+2
6.23829E+3	7.54094E+2
6.24841E+3	7.54614E+2
6.25852E+3	7.55208E+2
6.26863E+3	7.55679E+2
6.27874E+3	7.56256E+2
6.28885E+3	7.56797E+2
6.29896E+3	7.57377E+2
6.30907E+3	7.58016E+2
6.31918E+3	7.58605E+2
6.32929E+3	7.59044E+2
6.33940E+3	7.59549E+2
6.34951E+3	7.60171E+2
6.35962E+3	7.60754E+2
6.36973E+3	7.61376E+2
6.37984E+3	7.61995E+2
6.38995E+3	7.62561E+2
6.40006E+3	7.63278E+2
6.41017E+3	7.64021E+2
6.42028E+3	7.64712E+2
6.43039E+3	7.65313E+2
6.44050E+3	7.65853E+2
6.45061E+3	7.66491E+2
6.46072E+3	7.67308E+2
6.47083E+3	7.68005E+2
6.48094E+3	7.68534E+2
6.49105E+3	7.68946E+2
6.50116E+3	7.69383E+2
6.51127E+3	7.69899E+2
6.52138E+3	7.70575E+2
6.53149E+3	7.71248E+2
6.54160E+3	7.71871E+2
6.55171E+3	7.72422E+2
6.56182E+3	7.72879E+2
6.57193E+3	7.73432E+2
6.58204E+3	7.74108E+2
6.59215E+3	7.74771E+2
6.60226E+3	7.75257E+2
6.61237E+3	7.75670E+2
6.62248E+3	7.76311E+2
6.63259E+3	7.76846E+2
6.64270E+3	7.77344E+2
6.65281E+3	7.77990E+2
6.66292E+3	7.78489E+2
6.67303E+3	7.78876E+2
6.68314E+3	7.79467E+2
6.69325E+3	7.80087E+2
6.70336E+3	7.80658E+2
6.71347E+3	7.81353E+2
6.72358E+3	7.81973E+2
6.73369E+3	7.82606E+2
6.74380E+3	7.83301E+2
6.75391E+3	7.83980E+2
6.76402E+3	7.84603E+2
6.77413E+3	7.85160E+2
6.78424E+3	7.85757E+2
6.79435E+3	7.86386E+2
6.80446E+3	7.86898E+2
6.81457E+3	7.87333E+2
6.82468E+3	7.87845E+2
6.83479E+3	7.88540E+2
6.84490E+3	7.89290E+2
6.85501E+3	7.89972E+2
6.86512E+3	7.90512E+2
6.87523E+3	7.90991E+2
6.88534E+3	7.91482E+2
6.89545E+3	7.92042E+2
6.90556E+3	7.92701E+2
6.91567E+3	7.93346E+2
6.92578E+3	7.93900E+2
6.93589E+3	7.94532E+2
6.94600E+3	7.95082E+2
6.95611E+3	7.95534E+2
6.96622E+3	7.96124E+2
6.97633E+3	7.96884E+2
6.98644E+3	7.97597E+2
6.99656E+3	7.98112E+2
7.00667E+3	7.98603E+2
7.01678E+3	7.99045E+2
7.02689E+3	7.99664E+2
7.03700E+3	8.00260E+2
7.04711E+3	8.00800E+2
7.05721E+3	8.01258E+2
7.06733E+3	8.01795E+2
7.07743E+3	8.02427E+2
7.08755E+3	8.03052E+2
7.09766E+3	8.03615E+2
7.10777E+3	8.04198E+2
7.11788E+3	8.04843E+2
7.12799E+3	8.05550E+2
7.13810E+3	8.06195E+2
7.14821E+3	8.06705E+2
7.15832E+3	8.07409E+2
7.16843E+3	8.08204E+2
7.17854E+3	8.08751E+2
7.18865E+3	8.09062E+2
7.19876E+3	8.09497E+2
7.20886E+3	8.10031E+2
7.21897E+3	8.10564E+2
7.22908E+3	8.11196E+2
7.23919E+3	8.11899E+2
7.24930E+3	8.12583E+2
7.25942E+3	8.12943E+2
7.26953E+3	8.13356E+2
7.27964E+3	8.13889E+2
7.28975E+3	8.14410E+2
7.29986E+3	8.14956E+2
7.30997E+3	8.15503E+2
7.32007E+3	8.16078E+2
7.33018E+3	8.16644E+2
7.34029E+3	8.17217E+2
7.35041E+3	8.17999E+2
7.36052E+3	8.18572E+2
7.37063E+3	8.18967E+2
7.38074E+3	8.19504E+2
7.39085E+3	8.20041E+2
7.40096E+3	8.20531E+2
7.41107E+3	8.21212E+2
7.42118E+3	8.21863E+2
7.43129E+3	8.22619E+2
7.44140E+3	8.23211E+2
7.45151E+3	8.23804E+2
7.46162E+3	8.24189E+2
7.47173E+3	8.24667E+2
7.48184E+3	8.25275E+2
7.49195E+3	8.25920E+2
7.50206E+3	8.26673E+2
7.51217E+3	8.27081E+2
7.52228E+3	8.27638E+2
7.53239E+3	8.28381E+2
7.54250E+3	8.29074E+2
7.55261E+3	8.29643E+2
7.56272E+3	8.30128E+2
7.57283E+3	8.30766E+2
7.58294E+3	8.31515E+2
7.59305E+3	8.31973E+2
7.60316E+3	8.32373E+2
7.61327E+3	8.32935E+2
7.62338E+3	8.33525E+2
7.63349E+3	8.34186E+2
7.64360E+3	8.34804E+2
7.65371E+3	8.35269E+2
7.66382E+3	8.35701E+2
7.67393E+3	8.36104E+2
7.68404E+3	8.36621E+2
7.69415E+3	8.37206E+2
7.70426E+3	8.37727E+2
7.71438E+3	8.38096E+2
7.72449E+3	8.38721E+2
7.73460E+3	8.39442E+2
7.74471E+3	8.40093E+2
7.75482E+3	8.40633E+2
7.76493E+3	8.41219E+2
7.77504E+3	8.41887E+2
7.78515E+3	8.42430E+2
7.79526E+3	8.42967E+2
7.80537E+3	8.43642E+2
7.81548E+3	8.44352E+2
7.82559E+3	8.44935E+2
7.83570E+3	8.45600E+2
7.84581E+3	8.46277E+2
7.85592E+3	8.46758E+2
7.86602E+3	8.47142E+2
7.87614E+3	8.47345E+2
7.88625E+3	8.47574E+2
7.89636E+3	8.48216E+2
7.90647E+3	8.48796E+2
7.91658E+3	8.49421E+2
7.92669E+3	8.50053E+2
7.93680E+3	8.50518E+2
7.94691E+3	8.51062E+2
7.95702E+3	8.51658E+2
7.96713E+3	8.52175E+2
7.97724E+3	8.52749E+2
7.98735E+3	8.53338E+2
7.99746E+3	8.53974E+2
8.00757E+3	8.54567E+2
8.01768E+3	8.55163E+2
8.02779E+3	8.56002E+2
8.03790E+3	8.56853E+2
8.04801E+3	8.57629E+2
8.05812E+3	8.58164E+2
8.06823E+3	8.58668E+2
8.07834E+3	8.59354E+2
8.08845E+3	8.59822E+2
8.09856E+3	8.60094E+2
8.10867E+3	8.60619E+2
8.11878E+3	8.61094E+2
8.12889E+3	8.61710E+2
8.13900E+3	8.62346E+2
8.14912E+3	8.62992E+2
8.15922E+3	8.63434E+2
8.16933E+3	8.63909E+2
8.17944E+3	8.64427E+2
8.18956E+3	8.65178E+2
8.19966E+3	8.65837E+2
8.20978E+3	8.66197E+2
8.21989E+3	8.66660E+2
8.23000E+3	8.67184E+2
8.24011E+3	8.67726E+2
8.25021E+3	8.68273E+2
8.26033E+3	8.68778E+2
8.27044E+3	8.69408E+2
8.28055E+3	8.69946E+2
8.29066E+3	8.70549E+2
8.30077E+3	8.71051E+2
8.31088E+3	8.71632E+2
8.32099E+3	8.72281E+2
8.33110E+3	8.72851E+2
8.34121E+3	8.73567E+2
8.35132E+3	8.74269E+2
8.36143E+3	8.74866E+2
8.37154E+3	8.75397E+2
8.38165E+3	8.76034E+2
8.39176E+3	8.76618E+2
8.40187E+3	8.77160E+2
8.41198E+3	8.77731E+2
8.42209E+3	8.78105E+2
8.43220E+3	8.78525E+2
8.44231E+3	8.79070E+2
8.45242E+3	8.79601E+2
8.46253E+3	8.79953E+2
8.47264E+3	8.80294E+2
8.48275E+3	8.81013E+2
8.49286E+3	8.81683E+2
8.50297E+3	8.82237E+2
8.51308E+3	8.82772E+2
8.52320E+3	8.83390E+2
8.53331E+3	8.84126E+2
8.54342E+3	8.84845E+2
8.55353E+3	8.85281E+2
8.56364E+3	8.85715E+2
8.57375E+3	8.86129E+2
8.58385E+3	8.86549E+2
8.59397E+3	8.87125E+2
8.60408E+3	8.87781E+2
8.61418E+3	8.88576E+2
8.62429E+3	8.89115E+2
8.63440E+3	8.89677E+2
8.64452E+3	8.90095E+2
8.65463E+3	8.90561E+2
8.66474E+3	8.91120E+2
8.67485E+3	8.91573E+2
8.68495E+3	8.92063E+2
8.69506E+3	8.92559E+2
8.70517E+3	8.93062E+2
8.71529E+3	8.93677E+2
8.72540E+3	8.94436E+2
8.73551E+3	8.95163E+2
8.74562E+3	8.95837E+2
8.75573E+3	8.96340E+2
8.76584E+3	8.96850E+2
8.77595E+3	8.97349E+2
8.78606E+3	8.97902E+2
8.79617E+3	8.98448E+2
8.80628E+3	8.98991E+2
8.81639E+3	8.99553E+2
8.82650E+3	9.00122E+2
8.83661E+3	9.00649E+2
8.84672E+3	9.01277E+2
8.85683E+3	9.01827E+2
8.86694E+3	9.02281E+2
8.87705E+3	9.02801E+2
8.88716E+3	9.03384E+2
8.89727E+3	9.03732E+2
8.90738E+3	9.04206E+2
8.91749E+3	9.04911E+2
8.92760E+3	9.05382E+2
8.93771E+3	9.05767E+2
8.94782E+3	9.06442E+2
8.95793E+3	9.07169E+2
8.96804E+3	9.07723E+2
8.97815E+3	9.08352E+2
8.98826E+3	9.09129E+2
8.99837E+3	9.09646E+2
9.00848E+3	9.09880E+2
9.01859E+3	9.10269E+2
9.02870E+3	9.10922E+2
9.03881E+3	9.11413E+2
9.04892E+3	9.12029E+2
9.05903E+3	9.12793E+2
9.06914E+3	9.13465E+2
9.07925E+3	9.14019E+2
9.08936E+3	9.14682E+2
9.09947E+3	9.15308E+2
9.10958E+3	9.15826E+2
9.11969E+3	9.16459E+2
9.12980E+3	9.17026E+2
9.13991E+3	9.17498E+2
9.15002E+3	9.17722E+2
9.16013E+3	9.18346E+2
9.17024E+3	9.18976E+2
9.18035E+3	9.19592E+2
9.19046E+3	9.20021E+2
9.20057E+3	9.20348E+2
9.21068E+3	9.20913E+2
9.22079E+3	9.21596E+2
9.23090E+3	9.22163E+2
9.24101E+3	9.22708E+2
9.25112E+3	9.23275E+2
9.26123E+3	9.23702E+2
9.27134E+3	9.24355E+2
9.28145E+3	9.24916E+2
9.29157E+3	9.25494E+2
9.30168E+3	9.26029E+2
9.31179E+3	9.26551E+2
9.32190E+3	9.27019E+2
9.33201E+3	9.27538E+2
9.34212E+3	9.28077E+2
9.35223E+3	9.28708E+2
9.36234E+3	9.29326E+2
9.37245E+3	9.29824E+2
9.38256E+3	9.30340E+2
9.39267E+3	9.31051E+2
9.40278E+3	9.31689E+2
9.41289E+3	9.32135E+2
9.42300E+3	9.32624E+2
9.43311E+3	9.32994E+2
9.44322E+3	9.33368E+2
9.45333E+3	9.34069E+2
9.46344E+3	9.34757E+2
9.47355E+3	9.35451E+2
9.48366E+3	9.35994E+2
9.49377E+3	9.36496E+2
9.50388E+3	9.36860E+2
9.51399E+3	9.37426E+2
9.52410E+3	9.37992E+2
9.53421E+3	9.38727E+2
9.54432E+3	9.39425E+2
9.55443E+3	9.40206E+2
9.56454E+3	9.40736E+2
9.57465E+3	9.41017E+2
9.58476E+3	9.41199E+2
9.59487E+3	9.41573E+2
9.60498E+3	9.42209E+2
9.61509E+3	9.43123E+2
9.62520E+3	9.43676E+2
9.63531E+3	9.44067E+2
9.64542E+3	9.44640E+2
9.65553E+3	9.45133E+2
9.66564E+3	9.45812E+2
9.67575E+3	9.46614E+2
9.68586E+3	9.47124E+2
9.69597E+3	9.47784E+2
9.70608E+3	9.48523E+2
9.71619E+3	9.49329E+2
9.72630E+3	9.49903E+2
9.73641E+3	9.50347E+2
9.74652E+3	9.50791E+2
9.75663E+3	9.51252E+2
9.76674E+3	9.51779E+2
9.77685E+3	9.52287E+2
9.78696E+3	9.52691E+2
9.79707E+3	9.53239E+2
9.80718E+3	9.53830E+2
9.81729E+3	9.54109E+2
9.82740E+3	9.54404E+2
9.83751E+3	9.55051E+2
9.84762E+3	9.55788E+2
9.85773E+3	9.56332E+2
9.86784E+3	9.56843E+2
9.87795E+3	9.57544E+2
9.88806E+3	9.58330E+2
9.89817E+3	9.59064E+2
9.90828E+3	9.59655E+2
9.91839E+3	9.60160E+2
9.92850E+3	9.60633E+2
9.93861E+3	9.60965E+2
9.94872E+3	9.61240E+2
9.95883E+3	9.61858E+2
9.96894E+3	9.62400E+2
9.97905E+3	9.63124E+2
9.98916E+3	9.63816E+2
9.99927E+3	9.64324E+2
1.00094E+4	9.64786E+2
1.00195E+4	9.65389E+2
1.00296E+4	9.65933E+2
1.00397E+4	9.66603E+2
1.00498E+4	9.66875E+2
1.00599E+4	9.67338E+2
1.00700E+4	9.67860E+2
1.00801E+4	9.68332E+2
1.00903E+4	9.68898E+2
1.01004E+4	9.69377E+2
1.01105E+4	9.69899E+2
1.01206E+4	9.70448E+2
1.01307E+4	9.70957E+2
1.01408E+4	9.71557E+2
1.01509E+4	9.72273E+2
1.01610E+4	9.72929E+2
1.01711E+4	9.73478E+2
1.01813E+4	9.74001E+2
1.01914E+4	9.74281E+2
1.02015E+4	9.74577E+2
1.02116E+4	9.75227E+2
1.02217E+4	9.75916E+2
1.02318E+4	9.76656E+2
1.02419E+4	9.77133E+2
1.02520E+4	9.77666E+2
1.02621E+4	9.78297E+2
1.02722E+4	9.78839E+2
1.02824E+4	9.79597E+2
1.02925E+4	9.80143E+2
1.03026E+4	9.80660E+2
1.03127E+4	9.80853E+2
1.03228E+4	9.81291E+2
1.03329E+4	9.81647E+2
1.03430E+4	9.82114E+2
1.03531E+4	9.82648E+2
1.03632E+4	9.83379E+2
1.03733E+4	9.84023E+2
1.03835E+4	9.84867E+2
1.03936E+4	9.85445E+2
1.04037E+4	9.85882E+2
1.04138E+4	9.86416E+2
1.04239E+4	9.87107E+2
1.04340E+4	9.87875E+2
1.04441E+4	9.88503E+2
1.04542E+4	9.89041E+2
1.04643E+4	9.89368E+2
1.04744E+4	9.89769E+2
1.04846E+4	9.90143E+2
1.04947E+4	9.90548E+2
1.05048E+4	9.91149E+2
1.05149E+4	9.91833E+2
1.05250E+4	9.92392E+2
1.05351E+4	9.92950E+2
1.05452E+4	9.93458E+2
1.05553E+4	9.94164E+2
1.05654E+4	9.94722E+2
1.05755E+4	9.95236E+2
1.05857E+4	9.95748E+2
1.05958E+4	9.96046E+2
1.06059E+4	9.96330E+2
1.06160E+4	9.97146E+2
1.06261E+4	9.97896E+2
1.06362E+4	9.98601E+2
1.06463E+4	9.99274E+2
1.06564E+4	9.99639E+2
1.06665E+4	1.00023E+3
1.06767E+4	1.00075E+3
1.06868E+4	1.00115E+3
1.06969E+4	1.00160E+3
1.07070E+4	1.00204E+3
1.07171E+4	1.00271E+3
1.07272E+4	1.00332E+3
1.07373E+4	1.00386E+3
1.07474E+4	1.00437E+3
1.07575E+4	1.00515E+3
1.07676E+4	1.00562E+3
1.07778E+4	1.00620E+3
1.07879E+4	1.00681E+3
1.07980E+4	1.00709E+3
1.08081E+4	1.00750E+3
1.08182E+4	1.00797E+3
1.08283E+4	1.00864E+3
1.08384E+4	1.00911E+3
1.08485E+4	1.00950E+3
1.08586E+4	1.01030E+3
1.08687E+4	1.01096E+3
1.08789E+4	1.01157E+3
1.08890E+4	1.01207E+3
1.08991E+4	1.01269E+3
1.09092E+4	1.01319E+3
1.09193E+4	1.01369E+3
1.09294E+4	1.01420E+3
1.09395E+4	1.01494E+3
1.09496E+4	1.01556E+3
1.09597E+4	1.01626E+3
1.09698E+4	1.01697E+3
1.09800E+4	1.01735E+3
1.09901E+4	1.01790E+3
1.10002E+4	1.01839E+3
1.10103E+4	1.01895E+3
1.10204E+4	1.01943E+3
1.10305E+4	1.01982E+3
1.10406E+4	1.02021E+3
1.10507E+4	1.02075E+3
1.10608E+4	1.02125E+3
1.10709E+4	1.02176E+3
1.10811E+4	1.02239E+3
1.10912E+4	1.02288E+3
1.11013E+4	1.02346E+3
1.11114E+4	1.02404E+3
1.11215E+4	1.02473E+3
1.11316E+4	1.02524E+3
1.11417E+4	1.02553E+3
1.11518E+4	1.02602E+3
1.11619E+4	1.02672E+3
1.11720E+4	1.02723E+3
1.11822E+4	1.02781E+3
1.11923E+4	1.02829E+3
1.12024E+4	1.02860E+3
1.12125E+4	1.02893E+3
1.12226E+4	1.02950E+3
1.12327E+4	1.03015E+3
1.12428E+4	1.03078E+3
1.12529E+4	1.03133E+3
1.12630E+4	1.03185E+3
1.12731E+4	1.03231E+3
1.12833E+4	1.03289E+3
1.12934E+4	1.03329E+3
1.13035E+4	1.03361E+3
1.13136E+4	1.03419E+3
1.13237E+4	1.03496E+3
1.13338E+4	1.03552E+3
1.13439E+4	1.03596E+3
1.13540E+4	1.03641E+3
1.13641E+4	1.03703E+3
1.13743E+4	1.03760E+3
1.13844E+4	1.03832E+3
1.13945E+4	1.03898E+3
1.14046E+4	1.03974E+3
1.14147E+4	1.04003E+3
1.14248E+4	1.04040E+3
1.14349E+4	1.04085E+3
1.14450E+4	1.04157E+3
1.14551E+4	1.04234E+3
1.14652E+4	1.04263E+3
1.14753E+4	1.04324E+3
1.14855E+4	1.04393E+3
1.14956E+4	1.04467E+3
1.15057E+4	1.04504E+3
1.15158E+4	1.04536E+3
1.15259E+4	1.04588E+3
1.15360E+4	1.04641E+3
1.15461E+4	1.04679E+3
1.15562E+4	1.04750E+3
1.15663E+4	1.04828E+3
1.15765E+4	1.04892E+3
1.15866E+4	1.04951E+3
1.15967E+4	1.05023E+3
1.16068E+4	1.05060E+3
1.16169E+4	1.05095E+3
1.16270E+4	1.05141E+3
1.16371E+4	1.05200E+3
1.16472E+4	1.05249E+3
1.16573E+4	1.05303E+3
1.16674E+4	1.05363E+3
1.16775E+4	1.05414E+3
1.16877E+4	1.05458E+3
1.16978E+4	1.05533E+3
1.17079E+4	1.05607E+3
1.17180E+4	1.05677E+3
1.17281E+4	1.05697E+3
1.17382E+4	1.05709E+3
1.17483E+4	1.05774E+3
1.17584E+4	1.05827E+3
1.17685E+4	1.05882E+3
1.17786E+4	1.05950E+3
1.17888E+4	1.06022E+3
1.17989E+4	1.06079E+3
1.18090E+4	1.06115E+3
1.18191E+4	1.06124E+3
1.18292E+4	1.06178E+3
1.18393E+4	1.06250E+3
1.18494E+4	1.06333E+3
1.18595E+4	1.06399E+3
1.18696E+4	1.06449E+3
1.18797E+4	1.06498E+3
1.18899E+4	1.06547E+3
1.19000E+4	1.06600E+3
1.19101E+4	1.06659E+3
1.19202E+4	1.06720E+3
1.19303E+4	1.06784E+3
1.19404E+4	1.06811E+3
1.19505E+4	1.06841E+3
1.19606E+4	1.06907E+3
1.19707E+4	1.06974E+3
1.19808E+4	1.07031E+3
1.19910E+4	1.07094E+3
1.20011E+4	1.07138E+3
1.20112E+4	1.07196E+3
1.20213E+4	1.07247E+3
1.20314E+4	1.07288E+3
1.20415E+4	1.07326E+3
1.20516E+4	1.07343E+3
1.20617E+4	1.07394E+3
1.20718E+4	1.07464E+3
1.20820E+4	1.07541E+3
1.20921E+4	1.07592E+3
1.21022E+4	1.07665E+3
1.21123E+4	1.07744E+3
1.21224E+4	1.07803E+3
1.21325E+4	1.07830E+3
1.21426E+4	1.07860E+3
1.21527E+4	1.07897E+3
1.21628E+4	1.07969E+3
1.21729E+4	1.08027E+3
1.21831E+4	1.08072E+3
1.21932E+4	1.08142E+3
1.22033E+4	1.08191E+3
1.22134E+4	1.08249E+3
1.22235E+4	1.08309E+3
1.22336E+4	1.08346E+3
1.22437E+4	1.08375E+3
1.22538E+4	1.08420E+3
1.22639E+4	1.08490E+3
1.22740E+4	1.08579E+3
1.22842E+4	1.08649E+3
1.22943E+4	1.08683E+3
1.23044E+4	1.08711E+3
1.23145E+4	1.08769E+3
1.23246E+4	1.08845E+3
1.23347E+4	1.08903E+3
1.23448E+4	1.08954E+3
1.23549E+4	1.08991E+3
1.23650E+4	1.09041E+3
1.23751E+4	1.09119E+3
1.23853E+4	1.09157E+3
1.23954E+4	1.09208E+3
1.24055E+4	1.09269E+3
1.24156E+4	1.09289E+3
1.24257E+4	1.09355E+3
1.24358E+4	1.09412E+3
1.24459E+4	1.09453E+3
1.24560E+4	1.09516E+3
1.24661E+4	1.09567E+3
1.24762E+4	1.09627E+3
1.24864E+4	1.09691E+3
1.24965E+4	1.09735E+3
1.25066E+4	1.09795E+3
1.25167E+4	1.09860E+3
1.25268E+4	1.09936E+3
1.25369E+4	1.09987E+3
1.25470E+4	1.10043E+3
1.25571E+4	1.10088E+3
1.25672E+4	1.10130E+3
1.25773E+4	1.10187E+3
1.25875E+4	1.10244E+3
1.25976E+4	1.10268E+3
1.26077E+4	1.10319E+3
1.26178E+4	1.10367E+3
1.26279E+4	1.10401E+3
1.26380E+4	1.10466E+3
1.26481E+4	1.10538E+3
1.26582E+4	1.10599E+3
1.26683E+4	1.10640E+3
1.26784E+4	1.10676E+3
1.26886E+4	1.10733E+3
1.26987E+4	1.10782E+3
1.27088E+4	1.10824E+3
1.27189E+4	1.10893E+3
1.27290E+4	1.10965E+3
1.27391E+4	1.11013E+3
1.27492E+4	1.11047E+3
1.27593E+4	1.11091E+3
1.27694E+4	1.11139E+3
1.27795E+4	1.11205E+3
1.27897E+4	1.11258E+3
1.27998E+4	1.11316E+3
1.28099E+4	1.11374E+3
1.28200E+4	1.11413E+3
1.28301E+4	1.11492E+3
1.28402E+4	1.11557E+3
1.28503E+4	1.11594E+3
1.28604E+4	1.11637E+3
1.28705E+4	1.11681E+3
1.28806E+4	1.11770E+3
1.28908E+4	1.11833E+3
1.29009E+4	1.11886E+3
1.29110E+4	1.11917E+3
1.29211E+4	1.11952E+3
1.29312E+4	1.12003E+3
1.29413E+4	1.12051E+3
1.29514E+4	1.12125E+3
1.29615E+4	1.12183E+3
1.29716E+4	1.12235E+3
1.29817E+4	1.12274E+3
1.29919E+4	1.12341E+3
1.30020E+4	1.12413E+3
1.30121E+4	1.12479E+3
1.30222E+4	1.12516E+3
1.30323E+4	1.12558E+3
1.30424E+4	1.12610E+3
1.30525E+4	1.12669E+3
1.30626E+4	1.12706E+3
1.30727E+4	1.12730E+3
1.30828E+4	1.12788E+3
1.30930E+4	1.12836E+3
1.31031E+4	1.12897E+3
1.31132E+4	1.12946E+3
1.31233E+4	1.13004E+3
1.31334E+4	1.13092E+3
1.31435E+4	1.13125E+3
1.31536E+4	1.13158E+3
1.31637E+4	1.13229E+3
1.31738E+4	1.13279E+3
1.31839E+4	1.13341E+3
1.31941E+4	1.13396E+3
1.32042E+4	1.13430E+3
1.32143E+4	1.13488E+3
1.32244E+4	1.13561E+3
1.32345E+4	1.13593E+3
1.32446E+4	1.13639E+3
1.32547E+4	1.13679E+3
1.32648E+4	1.13736E+3
1.32749E+4	1.13799E+3
1.32850E+4	1.13863E+3
1.32952E+4	1.13905E+3
1.33053E+4	1.13958E+3
1.33154E+4	1.14034E+3
1.33255E+4	1.14059E+3
1.33356E+4	1.14124E+3
1.33457E+4	1.14171E+3
1.33558E+4	1.14223E+3
1.33659E+4	1.14291E+3
1.33760E+4	1.14348E+3
1.33861E+4	1.14402E+3
1.33963E+4	1.14458E+3
1.34064E+4	1.14499E+3
1.34165E+4	1.14535E+3
1.34266E+4	1.14560E+3
1.34367E+4	1.14612E+3
1.34468E+4	1.14670E+3
1.34569E+4	1.14725E+3
1.34670E+4	1.14772E+3
1.34771E+4	1.14835E+3
1.34872E+4	1.14898E+3
1.34974E+4	1.14956E+3
1.35075E+4	1.15010E+3
1.35176E+4	1.15067E+3
1.35277E+4	1.15122E+3
1.35378E+4	1.15172E+3
1.35479E+4	1.15213E+3
1.35580E+4	1.15258E+3
1.35681E+4	1.15308E+3
1.35782E+4	1.15357E+3
1.35883E+4	1.15434E+3
1.35985E+4	1.15490E+3
1.36086E+4	1.15555E+3
1.36187E+4	1.15580E+3
1.36288E+4	1.15626E+3
1.36389E+4	1.15660E+3
1.36490E+4	1.15714E+3
1.36591E+4	1.15783E+3
1.36692E+4	1.15837E+3
1.36793E+4	1.15904E+3
1.36894E+4	1.15954E+3
1.36996E+4	1.15991E+3
1.37097E+4	1.16036E+3
1.37198E+4	1.16099E+3
1.37299E+4	1.16154E+3
1.37400E+4	1.16192E+3
1.37501E+4	1.16266E+3
1.37602E+4	1.16310E+3
1.37703E+4	1.16344E+3
1.37804E+4	1.16430E+3
1.37905E+4	1.16473E+3
1.38007E+4	1.16524E+3
1.38108E+4	1.16578E+3
1.38209E+4	1.16635E+3
1.38310E+4	1.16686E+3
1.38411E+4	1.16740E+3
1.38512E+4	1.16769E+3
1.38613E+4	1.16836E+3
1.38714E+4	1.16895E+3
1.38815E+4	1.16981E+3
1.38916E+4	1.17032E+3
1.39018E+4	1.17066E+3
1.39119E+4	1.17129E+3
1.39220E+4	1.17190E+3
1.39321E+4	1.17217E+3
1.39422E+4	1.17261E+3
1.39523E+4	1.17308E+3
1.39624E+4	1.17372E+3
1.39725E+4	1.17408E+3
1.39826E+4	1.17468E+3
1.39927E+4	1.17508E+3
1.40029E+4	1.17556E+3
1.40130E+4	1.17624E+3
1.40231E+4	1.17675E+3
1.40332E+4	1.17736E+3
1.40433E+4	1.17806E+3
1.40534E+4	1.17862E+3
1.40635E+4	1.17893E+3
1.40736E+4	1.17934E+3
1.40837E+4	1.17978E+3
1.40938E+4	1.18053E+3
1.41040E+4	1.18117E+3
1.41141E+4	1.18141E+3
1.41242E+4	1.18186E+3
1.41343E+4	1.18275E+3
1.41444E+4	1.18325E+3
1.41545E+4	1.18381E+3
1.41646E+4	1.18446E+3
1.41747E+4	1.18497E+3
1.41848E+4	1.18528E+3
1.41949E+4	1.18572E+3
1.42051E+4	1.18608E+3
1.42152E+4	1.18623E+3
1.42253E+4	1.18673E+3
1.42354E+4	1.18750E+3
1.42455E+4	1.18826E+3
1.42556E+4	1.18878E+3
1.42657E+4	1.18925E+3
1.42758E+4	1.18998E+3
1.42859E+4	1.19052E+3
1.42960E+4	1.19124E+3
1.43062E+4	1.19174E+3
1.43163E+4	1.19208E+3
1.43264E+4	1.19263E+3
1.43365E+4	1.19323E+3
1.43466E+4	1.19364E+3
1.43567E+4	1.19423E+3
1.43668E+4	1.19457E+3
1.43769E+4	1.19495E+3
1.43870E+4	1.19548E+3
1.43971E+4	1.19611E+3
1.44073E+4	1.19659E+3
1.44174E+4	1.19726E+3
1.44275E+4	1.19799E+3
1.44376E+4	1.19836E+3
1.44477E+4	1.19883E+3
1.44578E+4	1.19957E+3
1.44679E+4	1.20003E+3
1.44780E+4	1.20047E+3
1.44881E+4	1.20084E+3
1.44982E+4	1.20146E+3
1.45084E+4	1.20185E+3
1.45185E+4	1.20230E+3
1.45286E+4	1.20279E+3
1.45387E+4	1.20334E+3
1.45488E+4	1.20399E+3
1.45589E+4	1.20464E+3
1.45690E+4	1.20498E+3
1.45791E+4	1.20548E+3
1.45892E+4	1.20601E+3
1.45994E+4	1.20663E+3
1.46095E+4	1.20716E+3
1.46196E+4	1.20755E+3
1.46297E+4	1.20791E+3
1.46398E+4	1.20857E+3
1.46499E+4	1.20924E+3
1.46600E+4	1.20968E+3
1.46701E+4	1.21024E+3
1.46802E+4	1.21058E+3
1.46903E+4	1.21117E+3
1.47004E+4	1.21203E+3
1.47106E+4	1.21249E+3
1.47207E+4	1.21299E+3
1.47308E+4	1.21333E+3
1.47409E+4	1.21392E+3
1.47510E+4	1.21476E+3
1.47611E+4	1.21535E+3
1.47712E+4	1.21579E+3
1.47813E+4	1.21613E+3
1.47914E+4	1.21650E+3
1.48016E+4	1.21718E+3
1.48117E+4	1.21779E+3
1.48218E+4	1.21816E+3
1.48319E+4	1.21862E+3
1.48420E+4	1.21894E+3
1.48521E+4	1.21924E+3
1.48622E+4	1.21995E+3
1.48723E+4	1.22061E+3
1.48824E+4	1.22094E+3
1.48925E+4	1.22173E+3
1.49026E+4	1.22231E+3
1.49128E+4	1.22270E+3
1.49229E+4	1.22312E+3
1.49330E+4	1.22358E+3
1.49431E+4	1.22416E+3
1.49532E+4	1.22489E+3
1.49633E+4	1.22539E+3
1.49734E+4	1.22579E+3
1.49835E+4	1.22621E+3
1.49936E+4	1.22660E+3
1.50037E+4	1.22752E+3
1.50139E+4	1.22805E+3
1.50240E+4	1.22830E+3
1.50341E+4	1.22898E+3
1.50442E+4	1.22952E+3
1.50543E+4	1.22993E+3
1.50644E+4	1.23050E+3
1.50745E+4	1.23103E+3
1.50846E+4	1.23156E+3
1.50947E+4	1.23176E+3
1.51048E+4	1.23242E+3
1.51150E+4	1.23313E+3
1.51251E+4	1.23390E+3
1.51352E+4	1.23442E+3
1.51453E+4	1.23469E+3
1.51554E+4	1.23534E+3
1.51655E+4	1.23574E+3
1.51756E+4	1.23632E+3
1.51857E+4	1.23693E+3
1.51958E+4	1.23763E+3
1.52059E+4	1.23797E+3
1.52161E+4	1.23838E+3
1.52262E+4	1.23885E+3
1.52363E+4	1.23935E+3
1.52464E+4	1.23994E+3
1.52565E+4	1.24061E+3
1.52666E+4	1.24128E+3
1.52767E+4	1.24175E+3
1.52868E+4	1.24224E+3
1.52969E+4	1.24252E+3
1.53070E+4	1.24301E+3
1.53172E+4	1.24363E+3
1.53273E+4	1.24407E+3
1.53374E+4	1.24458E+3
1.53475E+4	1.24491E+3
1.53576E+4	1.24555E+3
1.53677E+4	1.24608E+3
1.53778E+4	1.24658E+3
1.53879E+4	1.24710E+3
1.53980E+4	1.24778E+3
1.54081E+4	1.24833E+3
1.54183E+4	1.24892E+3
1.54284E+4	1.24897E+3
1.54385E+4	1.24950E+3
1.54486E+4	1.25010E+3
1.54587E+4	1.25077E+3
1.54688E+4	1.25137E+3
1.54789E+4	1.25210E+3
1.54890E+4	1.25253E+3
1.54991E+4	1.25310E+3
1.55092E+4	1.25353E+3
1.55194E+4	1.25404E+3
1.55295E+4	1.25455E+3
1.55396E+4	1.25486E+3
1.55497E+4	1.25563E+3
1.55598E+4	1.25601E+3
1.55699E+4	1.25676E+3
1.55800E+4	1.25755E+3
1.55901E+4	1.25801E+3
1.56002E+4	1.25838E+3
1.56103E+4	1.25872E+3
1.56205E+4	1.25936E+3
1.56306E+4	1.25987E+3
1.56407E+4	1.26021E+3
1.56508E+4	1.26078E+3
1.56609E+4	1.26108E+3
1.56710E+4	1.26153E+3
1.56811E+4	1.26224E+3
1.56912E+4	1.26270E+3
1.57013E+4	1.26348E+3
1.57114E+4	1.26411E+3
1.57216E+4	1.26446E+3
1.57317E+4	1.26511E+3
1.57418E+4	1.26535E+3
1.57519E+4	1.26576E+3
1.57620E+4	1.26623E+3
1.57721E+4	1.26707E+3
1.57822E+4	1.26762E+3
1.57923E+4	1.26807E+3
1.58024E+4	1.26871E+3
1.58125E+4	1.26910E+3
1.58227E+4	1.26970E+3
1.58328E+4	1.26995E+3
1.58429E+4	1.27067E+3
1.58530E+4	1.27105E+3
1.58631E+4	1.27164E+3
1.58732E+4	1.27216E+3
1.58833E+4	1.27274E+3
1.58934E+4	1.27353E+3
1.59035E+4	1.27381E+3
1.59137E+4	1.27433E+3
1.59238E+4	1.27477E+3
1.59339E+4	1.27505E+3
1.59440E+4	1.27567E+3
1.59541E+4	1.27638E+3
1.59642E+4	1.27649E+3
1.59743E+4	1.27703E+3
1.59844E+4	1.27763E+3
1.59945E+4	1.27851E+3
1.60046E+4	1.27923E+3
1.60148E+4	1.27975E+3
1.60249E+4	1.28011E+3
1.60350E+4	1.28049E+3
1.60451E+4	1.28081E+3
1.60552E+4	1.28125E+3
1.60653E+4	1.28177E+3
1.60754E+4	1.28234E+3
1.60855E+4	1.28288E+3
1.60956E+4	1.28327E+3
1.61057E+4	1.28359E+3
1.61159E+4	1.28432E+3
1.61260E+4	1.28482E+3
1.61361E+4	1.28553E+3
1.61462E+4	1.28615E+3
1.61563E+4	1.28659E+3
1.61664E+4	1.28683E+3
1.61765E+4	1.28736E+3
1.61866E+4	1.28782E+3
1.61967E+4	1.28852E+3
1.62068E+4	1.28904E+3
1.62170E+4	1.28947E+3
1.62271E+4	1.29001E+3
1.62372E+4	1.29051E+3
1.62473E+4	1.29103E+3
1.62574E+4	1.29133E+3
1.62675E+4	1.29194E+3
1.62776E+4	1.29265E+3
1.62877E+4	1.29315E+3
1.62978E+4	1.29361E+3
1.63079E+4	1.29405E+3
1.63181E+4	1.29477E+3
1.63282E+4	1.29523E+3
1.63383E+4	1.29549E+3
1.63484E+4	1.29587E+3
1.63585E+4	1.29654E+3
1.63686E+4	1.29708E+3
1.63787E+4	1.29744E+3
1.63888E+4	1.29784E+3
1.63989E+4	1.29836E+3
1.64090E+4	1.29903E+3
1.64192E+4	1.29958E+3
1.64293E+4	1.30002E+3
1.64394E+4	1.30065E+3
1.64495E+4	1.30089E+3
1.64596E+4	1.30140E+3
1.64697E+4	1.30205E+3
1.64798E+4	1.30252E+3
1.64899E+4	1.30284E+3
1.65000E+4	1.30326E+3
1.65101E+4	1.30389E+3
1.65203E+4	1.30443E+3
1.65304E+4	1.30491E+3
1.65405E+4	1.30554E+3
1.65506E+4	1.30606E+3
1.65607E+4	1.30666E+3
1.65708E+4	1.30697E+3
1.65809E+4	1.30761E+3
1.65910E+4	1.30809E+3
1.66011E+4	1.30862E+3
1.66112E+4	1.30905E+3
1.66214E+4	1.30976E+3
1.66315E+4	1.31021E+3
1.66416E+4	1.31061E+3
1.66517E+4	1.31116E+3
1.66618E+4	1.31149E+3
1.66719E+4	1.31212E+3
1.66820E+4	1.31259E+3
1.66921E+4	1.31293E+3
1.67022E+4	1.31336E+3
1.67123E+4	1.31368E+3
1.67225E+4	1.31436E+3
1.67326E+4	1.31495E+3
1.67427E+4	1.31525E+3
1.67528E+4	1.31583E+3
1.67629E+4	1.31644E+3
1.67730E+4	1.31687E+3
1.67831E+4	1.31748E+3
1.67932E+4	1.31803E+3
1.68033E+4	1.31865E+3
1.68134E+4	1.31914E+3
1.68236E+4	1.31952E+3
1.68337E+4	1.31983E+3
1.68438E+4	1.32039E+3
1.68539E+4	1.32107E+3
1.68640E+4	1.32178E+3
1.68741E+4	1.32212E+3
1.68842E+4	1.32250E+3
1.68943E+4	1.32292E+3
1.69044E+4	1.32343E+3
1.69145E+4	1.32401E+3
1.69247E+4	1.32445E+3
1.69348E+4	1.32484E+3
1.69449E+4	1.32536E+3
1.69550E+4	1.32583E+3
1.69651E+4	1.32634E+3
1.69752E+4	1.32682E+3
1.69853E+4	1.32726E+3
1.69954E+4	1.32780E+3
1.70055E+4	1.32853E+3
1.70156E+4	1.32897E+3
1.70258E+4	1.32936E+3
1.70359E+4	1.33001E+3
1.70460E+4	1.33043E+3
1.70561E+4	1.33089E+3
1.70662E+4	1.33149E+3
1.70763E+4	1.33198E+3
1.70864E+4	1.33242E+3
1.70965E+4	1.33297E+3
1.71066E+4	1.33350E+3
1.71168E+4	1.33396E+3
1.71269E+4	1.33442E+3
1.71370E+4	1.33489E+3
1.71471E+4	1.33548E+3
1.71572E+4	1.33594E+3
1.71673E+4	1.33662E+3
1.71774E+4	1.33718E+3
1.71875E+4	1.33759E+3
1.71976E+4	1.33802E+3
1.72077E+4	1.33855E+3
1.72179E+4	1.33903E+3
1.72280E+4	1.33972E+3
1.72381E+4	1.34035E+3
1.72482E+4	1.34086E+3
1.72583E+4	1.34122E+3
1.72684E+4	1.34163E+3
1.72785E+4	1.34204E+3
1.72886E+4	1.34246E+3
1.72987E+4	1.34289E+3
1.73089E+4	1.34343E+3
1.73190E+4	1.34383E+3
1.73291E+4	1.34433E+3
1.73392E+4	1.34494E+3
1.73493E+4	1.34540E+3
1.73594E+4	1.34618E+3
1.73695E+4	1.34675E+3
1.73796E+4	1.34718E+3
1.73897E+4	1.34755E+3
1.73998E+4	1.34826E+3
1.74100E+4	1.34876E+3
1.74201E+4	1.34912E+3
1.74302E+4	1.34965E+3
1.74403E+4	1.35025E+3
1.74504E+4	1.35075E+3
1.74605E+4	1.35134E+3
1.74706E+4	1.35189E+3
1.74807E+4	1.35223E+3
1.74908E+4	1.35273E+3
1.75009E+4	1.35331E+3
1.75111E+4	1.35395E+3
1.75212E+4	1.35424E+3
1.75313E+4	1.35470E+3
1.75414E+4	1.35507E+3
1.75515E+4	1.35569E+3
1.75616E+4	1.35643E+3
1.75717E+4	1.35689E+3
1.75818E+4	1.35726E+3
1.75919E+4	1.35781E+3
1.76020E+4	1.35838E+3
1.76122E+4	1.35895E+3
1.76223E+4	1.35956E+3
1.76324E+4	1.36017E+3
1.76425E+4	1.36041E+3
1.76526E+4	1.36093E+3
1.76627E+4	1.36140E+3
1.76728E+4	1.36180E+3
1.76829E+4	1.36231E+3
1.76930E+4	1.36290E+3
1.77031E+4	1.36328E+3
1.77133E+4	1.36397E+3
1.77234E+4	1.36459E+3
1.77335E+4	1.36502E+3
1.77436E+4	1.36549E+3
1.77537E+4	1.36591E+3
1.77638E+4	1.36645E+3
1.77739E+4	1.36701E+3
1.77840E+4	1.36745E+3
1.77941E+4	1.36797E+3
1.78042E+4	1.36834E+3
1.78144E+4	1.36890E+3
1.78245E+4	1.36946E+3
1.78346E+4	1.36985E+3
1.78447E+4	1.37051E+3
1.78548E+4	1.37098E+3
1.78649E+4	1.37129E+3
1.78750E+4	1.37189E+3
1.78851E+4	1.37233E+3
1.78952E+4	1.37289E+3
1.79053E+4	1.37344E+3
1.79155E+4	1.37384E+3
1.79256E+4	1.37437E+3
1.79357E+4	1.37475E+3
1.79458E+4	1.37528E+3
1.79559E+4	1.37575E+3
1.79660E+4	1.37642E+3
1.79761E+4	1.37700E+3
1.79862E+4	1.37737E+3
1.79963E+4	1.37795E+3
1.80065E+4	1.37844E+3
1.80166E+4	1.37909E+3
1.80267E+4	1.37951E+3
1.80368E+4	1.37998E+3
1.80469E+4	1.38048E+3
1.80570E+4	1.38096E+3
1.80671E+4	1.38154E+3
1.80772E+4	1.38210E+3
1.80873E+4	1.38266E+3
1.80974E+4	1.38330E+3
1.81075E+4	1.38385E+3
1.81177E+4	1.38417E+3
1.81278E+4	1.38451E+3
1.81379E+4	1.38515E+3
1.81480E+4	1.38578E+3
1.81581E+4	1.38612E+3
1.81682E+4	1.38657E+3
1.81783E+4	1.38724E+3
1.81884E+4	1.38768E+3
1.81985E+4	1.38828E+3
1.82086E+4	1.38870E+3
1.82188E+4	1.38924E+3
1.82289E+4	1.38983E+3
1.82390E+4	1.39036E+3
1.82491E+4	1.39097E+3
1.82592E+4	1.39152E+3
1.82693E+4	1.39202E+3
1.82794E+4	1.39245E+3
1.82895E+4	1.39309E+3
1.82996E+4	1.39355E+3
1.83097E+4	1.39400E+3
1.83199E+4	1.39442E+3
1.83300E+4	1.39508E+3
1.83401E+4	1.39558E+3
1.83502E+4	1.39612E+3
1.83603E+4	1.39672E+3
1.83704E+4	1.39715E+3
1.83805E+4	1.39777E+3
1.83906E+4	1.39819E+3
1.84007E+4	1.39869E+3
1.84108E+4	1.39927E+3
1.84210E+4	1.39965E+3
1.84311E+4	1.40021E+3
1.84412E+4	1.40075E+3
1.84513E+4	1.40127E+3
1.84614E+4	1.40172E+3
1.84715E+4	1.40221E+3
1.84816E+4	1.40266E+3
1.84917E+4	1.40319E+3
1.85018E+4	1.40390E+3
1.85119E+4	1.40442E+3
1.85221E+4	1.40493E+3
1.85322E+4	1.40557E+3
1.85423E+4	1.40600E+3
1.85524E+4	1.40648E+3
1.85625E+4	1.40706E+3
1.85726E+4	1.40753E+3
1.85827E+4	1.40799E+3
1.85928E+4	1.40843E+3
1.86029E+4	1.40908E+3
1.86130E+4	1.40957E+3
1.86232E+4	1.40996E+3
1.86333E+4	1.41057E+3
1.86434E+4	1.41089E+3
1.86535E+4	1.41159E+3
1.86636E+4	1.41225E+3
1.86737E+4	1.41268E+3
1.86838E+4	1.41320E+3
1.86939E+4	1.41369E+3
1.87040E+4	1.41410E+3
1.87142E+4	1.41450E+3
1.87243E+4	1.41514E+3
1.87344E+4	1.41567E+3
1.87445E+4	1.41621E+3
1.87546E+4	1.41685E+3
1.87647E+4	1.41739E+3
1.87748E+4	1.41790E+3
1.87849E+4	1.41832E+3
1.87950E+4	1.41883E+3
1.88051E+4	1.41938E+3
1.88153E+4	1.41996E+3
1.88254E+4	1.42042E+3
1.88355E+4	1.42094E+3
1.88456E+4	1.42158E+3
1.88557E+4	1.42212E+3
1.88658E+4	1.42261E+3
1.88759E+4	1.42314E+3
1.88860E+4	1.42376E+3
1.88961E+4	1.42432E+3
1.89062E+4	1.42460E+3
1.89164E+4	1.42510E+3
1.89265E+4	1.42572E+3
1.89366E+4	1.42621E+3
1.89467E+4	1.42667E+3
1.89568E+4	1.42731E+3
1.89669E+4	1.42783E+3
1.89770E+4	1.42835E+3
1.89871E+4	1.42894E+3
1.89972E+4	1.42946E+3
1.90073E+4	1.42986E+3
1.90175E+4	1.43049E+3
1.90276E+4	1.43108E+3
1.90377E+4	1.43147E+3
1.90478E+4	1.43208E+3
1.90579E+4	1.43252E+3
1.90680E+4	1.43305E+3
1.90781E+4	1.43365E+3
1.90882E+4	1.43409E+3
1.90983E+4	1.43446E+3
1.91084E+4	1.43501E+3
1.91186E+4	1.43553E+3
1.91287E+4	1.43606E+3
1.91388E+4	1.43657E+3
1.91489E+4	1.43717E+3
1.91590E+4	1.43759E+3
1.91691E+4	1.43829E+3
1.91792E+4	1.43872E+3
1.91893E+4	1.43919E+3
1.91994E+4	1.43983E+3
1.92096E+4	1.44024E+3
1.92197E+4	1.44081E+3
1.92298E+4	1.44145E+3
1.92399E+4	1.44200E+3
1.92500E+4	1.44249E+3
1.92601E+4	1.44301E+3
1.92702E+4	1.44359E+3
1.92803E+4	1.44406E+3
1.92904E+4	1.44462E+3
1.93005E+4	1.44523E+3
1.93106E+4	1.44575E+3
1.93208E+4	1.44624E+3
1.93309E+4	1.44675E+3
1.93410E+4	1.44729E+3
1.93511E+4	1.44804E+3
1.93612E+4	1.44813E+3
1.93713E+4	1.44878E+3
1.93814E+4	1.44913E+3
1.93915E+4	1.44962E+3
1.94016E+4	1.45005E+3
1.94118E+4	1.45036E+3
1.94219E+4	1.45069E+3
1.94320E+4	1.45103E+3
1.94421E+4	1.45130E+3
1.94522E+4	1.45155E+3
1.94623E+4	1.45200E+3
1.94724E+4	1.45226E+3
1.94825E+4	1.45242E+3
1.94926E+4	1.45280E+3
1.95027E+4	1.45316E+3
1.95129E+4	1.45328E+3
1.95230E+4	1.45342E+3
1.95331E+4	1.45356E+3
1.95432E+4	1.45399E+3
1.95533E+4	1.45407E+3
1.95634E+4	1.45420E+3
1.95735E+4	1.45443E+3
1.95836E+4	1.45471E+3
1.95937E+4	1.45470E+3
1.96038E+4	1.45493E+3
1.96140E+4	1.45506E+3
1.96241E+4	1.45514E+3
1.96342E+4	1.45527E+3
1.96443E+4	1.45541E+3
1.96544E+4	1.45554E+3
1.96645E+4	1.45567E+3
1.96746E+4	1.45572E+3
1.96847E+4	1.45573E+3
1.96948E+4	1.45591E+3
1.97049E+4	1.45603E+3
1.97150E+4	1.45600E+3
1.97252E+4	1.45618E+3
1.97353E+4	1.45623E+3
1.97454E+4	1.45617E+3
1.97555E+4	1.45633E+3
1.97656E+4	1.45638E+3
1.97757E+4	1.45652E+3
1.97858E+4	1.45658E+3
1.97959E+4	1.45673E+3
1.98060E+4	1.45677E+3
1.98161E+4	1.45681E+3
1.98263E+4	1.45689E+3
1.98364E+4	1.45686E+3
1.98465E+4	1.45698E+3
1.98566E+4	1.45705E+3
1.98667E+4	1.45708E+3
1.98768E+4	1.45713E+3
1.98869E+4	1.45715E+3
1.98970E+4	1.45716E+3
1.99071E+4	1.45728E+3
1.99172E+4	1.45720E+3
1.99274E+4	1.45719E+3
1.99375E+4	1.45713E+3
1.99476E+4	1.45728E+3
1.99577E+4	1.45718E+3
1.99678E+4	1.45721E+3
1.99779E+4	1.45726E+3
1.99880E+4	1.45738E+3
1.99981E+4	1.45736E+3
2.00082E+4	1.45734E+3
2.00184E+4	1.45734E+3
2.00285E+4	1.45742E+3
2.00386E+4	1.45743E+3
2.00487E+4	1.45710E+3
2.00588E+4	1.45691E+3
2.00689E+4	1.45662E+3
2.00790E+4	1.45626E+3
2.00891E+4	1.45596E+3
2.00992E+4	1.45570E+3
2.01093E+4	1.45549E+3
2.01195E+4	1.45510E+3
2.01296E+4	1.45477E+3
2.01397E+4	1.45437E+3
2.01498E+4	1.45395E+3
2.01599E+4	1.45361E+3
2.01700E+4	1.45323E+3
2.01801E+4	1.45283E+3
2.01902E+4	1.45230E+3
2.02003E+4	1.45181E+3
2.02105E+4	1.45140E+3
2.02206E+4	1.45097E+3
2.02307E+4	1.45052E+3
2.02408E+4	1.45005E+3
2.02509E+4	1.44953E+3
2.02610E+4	1.44899E+3
2.02711E+4	1.44840E+3
2.02812E+4	1.44788E+3
2.02913E+4	1.44738E+3
2.03015E+4	1.44684E+3
2.03116E+4	1.44631E+3
2.03217E+4	1.44581E+3
2.03318E+4	1.44521E+3
2.03419E+4	1.44461E+3
2.03520E+4	1.44400E+3
2.03621E+4	1.44339E+3
2.03722E+4	1.44277E+3
2.03823E+4	1.44220E+3
2.03924E+4	1.44149E+3
2.04026E+4	1.44089E+3
2.04127E+4	1.44023E+3
2.04228E+4	1.43975E+3
2.04329E+4	1.43910E+3
2.04430E+4	1.43841E+3
2.04531E+4	1.43788E+3
2.04632E+4	1.43716E+3
2.04733E+4	1.43657E+3
2.04834E+4	1.43597E+3
2.04936E+4	1.43535E+3
2.05037E+4	1.43482E+3
2.05138E+4	1.43404E+3
2.05239E+4	1.43342E+3
2.05340E+4	1.43276E+3
2.05441E+4	1.43202E+3
2.05542E+4	1.43130E+3
2.05643E+4	1.43065E+3
2.05744E+4	1.43019E+3
2.05845E+4	1.42955E+3
2.05947E+4	1.42896E+3
2.06048E+4	1.42832E+3
2.06149E+4	1.42773E+3
2.06250E+4	1.42705E+3
2.06351E+4	1.42635E+3
2.06452E+4	1.42569E+3
2.06553E+4	1.42499E+3
2.06654E+4	1.42436E+3
2.06755E+4	1.42365E+3
2.06856E+4	1.42300E+3
2.06958E+4	1.42233E+3
2.07059E+4	1.42169E+3
2.07160E+4	1.42094E+3
2.07261E+4	1.42027E+3
2.07362E+4	1.41961E+3
2.07463E+4	1.41889E+3
2.07564E+4	1.41821E+3
2.07665E+4	1.41759E+3
2.07766E+4	1.41690E+3
2.07868E+4	1.41631E+3
2.07969E+4	1.41578E+3
2.08070E+4	1.41524E+3
2.08171E+4	1.41452E+3
2.08272E+4	1.41385E+3
2.08373E+4	1.41318E+3
2.08474E+4	1.41256E+3
2.08575E+4	1.41183E+3
2.08676E+4	1.41111E+3
2.08778E+4	1.41051E+3
2.08879E+4	1.40979E+3
2.08980E+4	1.40915E+3
2.09081E+4	1.40846E+3
2.09182E+4	1.40782E+3
2.09283E+4	1.40719E+3
2.09384E+4	1.40659E+3
2.09485E+4	1.40601E+3
2.09586E+4	1.40538E+3
2.09687E+4	1.40477E+3
2.09789E+4	1.40403E+3
2.09890E+4	1.40332E+3
2.09991E+4	1.40273E+3
2.10092E+4	1.40192E+3
2.10193E+4	1.40125E+3
2.10294E+4	1.40063E+3
2.10395E+4	1.39992E+3
2.10496E+4	1.39929E+3
2.10597E+4	1.39867E+3
2.10699E+4	1.39806E+3
2.10800E+4	1.39733E+3
2.10901E+4	1.39681E+3
2.11002E+4	1.39630E+3
2.11103E+4	1.39553E+3
2.11204E+4	1.39487E+3
2.11305E+4	1.39413E+3
2.11406E+4	1.39362E+3
2.11507E+4	1.39302E+3
2.11608E+4	1.39238E+3
2.11710E+4	1.39168E+3
2.11811E+4	1.39098E+3
2.11912E+4	1.39050E+3
2.12013E+4	1.38986E+3
2.12114E+4	1.38914E+3
2.12215E+4	1.38845E+3
2.12316E+4	1.38778E+3
2.12417E+4	1.38726E+3
2.12518E+4	1.38649E+3
2.12620E+4	1.38584E+3
2.12721E+4	1.38523E+3
2.12822E+4	1.38459E+3
2.12923E+4	1.38403E+3
2.13024E+4	1.38353E+3
2.13125E+4	1.38278E+3
2.13226E+4	1.38218E+3
2.13327E+4	1.38143E+3
2.13428E+4	1.38089E+3
2.13529E+4	1.38023E+3
2.13631E+4	1.37969E+3
2.13732E+4	1.37895E+3
2.13833E+4	1.37824E+3
2.13934E+4	1.37772E+3
2.14035E+4	1.37718E+3
2.14136E+4	1.37661E+3
2.14237E+4	1.37586E+3
2.14338E+4	1.37520E+3
2.14439E+4	1.37459E+3
2.14541E+4	1.37401E+3
2.14642E+4	1.37339E+3
2.14743E+4	1.37275E+3
2.14844E+4	1.37201E+3
2.14945E+4	1.37139E+3
2.15046E+4	1.37079E+3
2.15147E+4	1.37005E+3
2.15248E+4	1.36956E+3
2.15349E+4	1.36895E+3
2.15450E+4	1.36825E+3
2.15552E+4	1.36777E+3
2.15653E+4	1.36718E+3
2.15754E+4	1.36648E+3
2.15855E+4	1.36577E+3
2.15956E+4	1.36519E+3
2.16057E+4	1.36451E+3
2.16158E+4	1.36395E+3
2.16259E+4	1.36321E+3
2.16360E+4	1.36257E+3
2.16462E+4	1.36195E+3
2.16563E+4	1.36140E+3
2.16664E+4	1.36066E+3
2.16765E+4	1.35997E+3
2.16866E+4	1.35923E+3
2.16967E+4	1.35864E+3
2.17068E+4	1.35818E+3
2.17169E+4	1.35752E+3
2.17270E+4	1.35696E+3
2.17371E+4	1.35624E+3
2.17473E+4	1.35561E+3
2.17574E+4	1.35503E+3
2.17675E+4	1.35432E+3
2.17776E+4	1.35393E+3
2.17877E+4	1.35328E+3
2.17978E+4	1.35251E+3
2.18079E+4	1.35192E+3
2.18180E+4	1.35130E+3
2.18281E+4	1.35085E+3
2.18383E+4	1.35017E+3
2.18484E+4	1.34949E+3
2.18585E+4	1.34893E+3
2.18686E+4	1.34841E+3
2.18787E+4	1.34779E+3
2.18888E+4	1.34697E+3
2.18989E+4	1.34659E+3
2.19090E+4	1.34591E+3
2.19191E+4	1.34522E+3
2.19292E+4	1.34467E+3
2.19394E+4	1.34404E+3
2.19495E+4	1.34343E+3
2.19596E+4	1.34281E+3
2.19697E+4	1.34209E+3
2.19798E+4	1.34149E+3
2.19899E+4	1.34082E+3
2.20000E+4	1.34025E+3
2.20101E+4	1.33971E+3
2.20202E+4	1.33910E+3
2.20304E+4	1.33853E+3
2.20405E+4	1.33791E+3
2.20506E+4	1.33726E+3
2.20607E+4	1.33667E+3
2.20708E+4	1.33592E+3
2.20809E+4	1.33522E+3
2.20910E+4	1.33462E+3
2.21011E+4	1.33393E+3
2.21112E+4	1.33328E+3
2.21214E+4	1.33275E+3
2.21315E+4	1.33209E+3
2.21416E+4	1.33142E+3
2.21517E+4	1.33085E+3
2.21618E+4	1.33031E+3
2.21719E+4	1.32963E+3
2.21820E+4	1.32884E+3
2.21921E+4	1.32829E+3
2.22022E+4	1.32780E+3
2.22123E+4	1.32716E+3
2.22225E+4	1.32648E+3
2.22326E+4	1.32593E+3
2.22427E+4	1.32533E+3
2.22528E+4	1.32462E+3
2.22629E+4	1.32411E+3
2.22730E+4	1.32341E+3
2.22831E+4	1.32282E+3
2.22932E+4	1.32217E+3
2.23033E+4	1.32150E+3
2.23135E+4	1.32092E+3
2.23236E+4	1.32036E+3
2.23337E+4	1.31965E+3
2.23438E+4	1.31895E+3
2.23539E+4	1.31830E+3
2.23640E+4	1.31784E+3
2.23741E+4	1.31730E+3
2.23842E+4	1.31676E+3
2.23943E+4	1.31600E+3
2.24044E+4	1.31544E+3
2.24146E+4	1.31481E+3
2.24247E+4	1.31401E+3
2.24348E+4	1.31334E+3
2.24449E+4	1.31296E+3
2.24550E+4	1.31223E+3
2.24651E+4	1.31159E+3
2.24752E+4	1.31094E+3
2.24853E+4	1.31031E+3
2.24954E+4	1.30959E+3
2.25056E+4	1.30895E+3
2.25157E+4	1.30841E+3
2.25258E+4	1.30808E+3
2.25359E+4	1.30742E+3
2.25460E+4	1.30672E+3
2.25561E+4	1.30602E+3
2.25662E+4	1.30555E+3
2.25763E+4	1.30481E+3
2.25864E+4	1.30413E+3
2.25965E+4	1.30358E+3
2.26067E+4	1.30307E+3
2.26168E+4	1.30250E+3
2.26269E+4	1.30184E+3
2.26370E+4	1.30100E+3
2.26471E+4	1.30039E+3
2.26572E+4	1.29978E+3
2.26673E+4	1.29911E+3
2.26774E+4	1.29853E+3
2.26875E+4	1.29808E+3
2.26977E+4	1.29731E+3
2.27078E+4	1.29689E+3
2.27179E+4	1.29619E+3
2.27280E+4	1.29550E+3
2.27381E+4	1.29496E+3
2.27482E+4	1.29419E+3
2.27583E+4	1.29358E+3
2.27684E+4	1.29303E+3
2.27785E+4	1.29238E+3
2.27886E+4	1.29187E+3
2.27988E+4	1.29127E+3
2.28089E+4	1.29053E+3
2.28190E+4	1.28987E+3
2.28291E+4	1.28915E+3
2.28392E+4	1.28860E+3
2.28493E+4	1.28784E+3
2.28594E+4	1.28728E+3
2.28695E+4	1.28682E+3
2.28796E+4	1.28639E+3
2.28898E+4	1.28574E+3
2.28999E+4	1.28511E+3
2.29100E+4	1.28453E+3
2.29201E+4	1.28405E+3
2.29302E+4	1.28347E+3
2.29403E+4	1.28292E+3
2.29504E+4	1.28223E+3
2.29605E+4	1.28165E+3
2.29706E+4	1.28094E+3
2.29807E+4	1.28019E+3
2.29909E+4	1.27962E+3
2.30010E+4	1.27903E+3
2.30111E+4	1.27834E+3
2.30212E+4	1.27763E+3
2.30313E+4	1.27695E+3
2.30414E+4	1.27623E+3
2.30515E+4	1.27567E+3
2.30616E+4	1.27505E+3
2.30717E+4	1.27442E+3
2.30819E+4	1.27386E+3
2.30920E+4	1.27331E+3
2.31021E+4	1.27266E+3
2.31122E+4	1.27199E+3
2.31223E+4	1.27150E+3
2.31324E+4	1.27082E+3
2.31425E+4	1.27052E+3
2.31526E+4	1.26977E+3
2.31627E+4	1.26897E+3
2.31728E+4	1.26853E+3
2.31830E+4	1.26796E+3
2.31931E+4	1.26722E+3
2.32032E+4	1.26648E+3
2.32133E+4	1.26591E+3
2.32234E+4	1.26544E+3
2.32335E+4	1.26460E+3
2.32436E+4	1.26416E+3
2.32537E+4	1.26374E+3
2.32638E+4	1.26293E+3
2.32740E+4	1.26219E+3
2.32841E+4	1.26164E+3
2.32942E+4	1.26101E+3
2.33043E+4	1.26028E+3
2.33144E+4	1.25978E+3
2.33245E+4	1.25921E+3
2.33346E+4	1.25844E+3
2.33447E+4	1.25766E+3
2.33548E+4	1.25711E+3
2.33649E+4	1.25668E+3
2.33751E+4	1.25608E+3
2.33852E+4	1.25523E+3
2.33953E+4	1.25440E+3
2.34054E+4	1.25379E+3
2.34155E+4	1.25328E+3
2.34256E+4	1.25272E+3
2.34357E+4	1.25221E+3
2.34458E+4	1.25165E+3
2.34559E+4	1.25107E+3
2.34660E+4	1.25049E+3
2.34762E+4	1.24977E+3
2.34863E+4	1.24937E+3
2.34964E+4	1.24866E+3
2.35065E+4	1.24791E+3
2.35166E+4	1.24727E+3
2.35267E+4	1.24669E+3
2.35368E+4	1.24607E+3
2.35469E+4	1.24538E+3
2.35570E+4	1.24459E+3
2.35671E+4	1.24418E+3
2.35773E+4	1.24351E+3
2.35874E+4	1.24275E+3
2.35975E+4	1.24216E+3
2.36076E+4	1.24173E+3
2.36177E+4	1.24088E+3
2.36278E+4	1.24027E+3
2.36379E+4	1.23982E+3
2.36480E+4	1.23919E+3
2.36581E+4	1.23835E+3
2.36683E+4	1.23774E+3
2.36784E+4	1.23714E+3
2.36885E+4	1.23673E+3
2.36986E+4	1.23616E+3
2.37087E+4	1.23552E+3
2.37188E+4	1.23505E+3
2.37289E+4	1.23457E+3
2.37390E+4	1.23405E+3
2.37491E+4	1.23331E+3
2.37593E+4	1.23234E+3
2.37694E+4	1.23176E+3
2.37795E+4	1.23122E+3
2.37896E+4	1.23066E+3
2.37997E+4	1.22971E+3
2.38098E+4	1.22911E+3
2.38199E+4	1.22851E+3
2.38300E+4	1.22766E+3
2.38401E+4	1.22706E+3
2.38502E+4	1.22673E+3
2.38604E+4	1.22628E+3
2.38705E+4	1.22542E+3
2.38806E+4	1.22461E+3
2.38907E+4	1.22414E+3
2.39008E+4	1.22355E+3
2.39109E+4	1.22305E+3
2.39210E+4	1.22242E+3
2.39311E+4	1.22171E+3
2.39412E+4	1.22120E+3
2.39514E+4	1.22057E+3
2.39615E+4	1.21997E+3
2.39716E+4	1.21934E+3
2.39817E+4	1.21855E+3
2.39918E+4	1.21782E+3
2.40019E+4	1.21710E+3
2.40120E+4	1.21665E+3
2.40221E+4	1.21598E+3
2.40322E+4	1.21541E+3
2.40423E+4	1.21471E+3
2.40525E+4	1.21448E+3
2.40626E+4	1.21378E+3
2.40727E+4	1.21319E+3
2.40828E+4	1.21251E+3
2.40929E+4	1.21193E+3
2.41030E+4	1.21118E+3
2.41131E+4	1.21075E+3
2.41232E+4	1.21015E+3
2.41333E+4	1.20939E+3
2.41434E+4	1.20875E+3
2.41536E+4	1.20809E+3
2.41637E+4	1.20748E+3
2.41738E+4	1.20694E+3
2.41839E+4	1.20636E+3
2.41940E+4	1.20569E+3
2.42041E+4	1.20502E+3
2.42142E+4	1.20428E+3
2.42243E+4	1.20364E+3
2.42344E+4	1.20301E+3
2.42446E+4	1.20233E+3
2.42547E+4	1.20169E+3
2.42648E+4	1.20092E+3
2.42749E+4	1.20025E+3
2.42850E+4	1.19990E+3
2.42951E+4	1.19921E+3
2.43052E+4	1.19861E+3
2.43153E+4	1.19784E+3
2.43254E+4	1.19733E+3
2.43356E+4	1.19686E+3
2.43457E+4	1.19624E+3
2.43558E+4	1.19557E+3
2.43659E+4	1.19506E+3
2.43760E+4	1.19430E+3
2.43861E+4	1.19367E+3
2.43962E+4	1.19296E+3
2.44063E+4	1.19211E+3
2.44164E+4	1.19170E+3
2.44265E+4	1.19108E+3
2.44367E+4	1.19054E+3
2.44468E+4	1.19001E+3
2.44569E+4	1.18940E+3
2.44670E+4	1.18870E+3
2.44771E+4	1.18792E+3
2.44872E+4	1.18741E+3
2.44973E+4	1.18682E+3
2.45074E+4	1.18611E+3
2.45175E+4	1.18541E+3
2.45277E+4	1.18472E+3
2.45378E+4	1.18408E+3
2.45479E+4	1.18350E+3
2.45580E+4	1.18291E+3
2.45681E+4	1.18218E+3
2.45782E+4	1.18160E+3
2.45883E+4	1.18103E+3
2.45984E+4	1.18050E+3
2.46085E+4	1.17982E+3
2.46186E+4	1.17911E+3
2.46288E+4	1.17838E+3
2.46389E+4	1.17793E+3
2.46490E+4	1.17724E+3
2.46591E+4	1.17652E+3
2.46692E+4	1.17596E+3
2.46793E+4	1.17553E+3
2.46894E+4	1.17481E+3
2.46995E+4	1.17430E+3
2.47096E+4	1.17370E+3
2.47197E+4	1.17305E+3
2.47299E+4	1.17246E+3
2.47400E+4	1.17170E+3
2.47501E+4	1.17094E+3
2.47602E+4	1.17029E+3
2.47703E+4	1.16974E+3
2.47804E+4	1.16919E+3
2.47905E+4	1.16855E+3
2.48006E+4	1.16786E+3
2.48107E+4	1.16733E+3
2.48209E+4	1.16673E+3
2.48310E+4	1.16611E+3
2.48411E+4	1.16545E+3
2.48512E+4	1.16481E+3
2.48613E+4	1.16412E+3
2.48714E+4	1.16333E+3
2.48815E+4	1.16260E+3
2.48916E+4	1.16204E+3
2.49017E+4	1.16157E+3
2.49118E+4	1.16095E+3
2.49220E+4	1.16015E+3
2.49321E+4	1.15970E+3
2.49422E+4	1.15917E+3
2.49523E+4	1.15824E+3
2.49624E+4	1.15754E+3
2.49725E+4	1.15690E+3
2.49826E+4	1.15635E+3
2.49927E+4	1.15597E+3
2.50028E+4	1.15526E+3
2.50130E+4	1.15454E+3
2.50231E+4	1.15380E+3
2.50332E+4	1.15309E+3
2.50433E+4	1.15234E+3
2.50534E+4	1.15186E+3
2.50635E+4	1.15152E+3
2.50736E+4	1.15080E+3
2.50837E+4	1.15019E+3
2.50938E+4	1.14963E+3
2.51040E+4	1.14898E+3
2.51141E+4	1.14845E+3
2.51242E+4	1.14781E+3
2.51343E+4	1.14691E+3
2.51444E+4	1.14618E+3
2.51545E+4	1.14555E+3
2.51646E+4	1.14486E+3
2.51747E+4	1.14410E+3
2.51848E+4	1.14346E+3
2.51949E+4	1.14276E+3
2.52051E+4	1.14220E+3
2.52152E+4	1.14180E+3
2.52253E+4	1.14123E+3
2.52354E+4	1.14025E+3
2.52455E+4	1.13970E+3
2.52556E+4	1.13916E+3
2.52657E+4	1.13869E+3
2.52758E+4	1.13814E+3
2.52859E+4	1.13734E+3
2.52960E+4	1.13670E+3
2.53062E+4	1.13632E+3
2.53163E+4	1.13570E+3
2.53264E+4	1.13507E+3
2.53365E+4	1.13429E+3
2.53466E+4	1.13359E+3
2.53567E+4	1.13302E+3
2.53668E+4	1.13242E+3
2.53769E+4	1.13201E+3
2.53870E+4	1.13120E+3
2.53971E+4	1.13038E+3
2.54073E+4	1.12973E+3
2.54174E+4	1.12913E+3
2.54275E+4	1.12837E+3
2.54376E+4	1.12774E+3
2.54477E+4	1.12722E+3
2.54578E+4	1.12674E+3
2.54679E+4	1.12611E+3
2.54780E+4	1.12548E+3
2.54881E+4	1.12474E+3
2.54983E+4	1.12396E+3
2.55084E+4	1.12352E+3
2.55185E+4	1.12266E+3
2.55286E+4	1.12196E+3
2.55387E+4	1.12138E+3
2.55488E+4	1.12078E+3
2.55589E+4	1.12017E+3
2.55690E+4	1.11952E+3
2.55791E+4	1.11873E+3
2.55892E+4	1.11784E+3
2.55994E+4	1.11736E+3
2.56095E+4	1.11700E+3
2.56196E+4	1.11638E+3
2.56297E+4	1.11572E+3
2.56398E+4	1.11505E+3
2.56499E+4	1.11453E+3
2.56600E+4	1.11398E+3
2.56701E+4	1.11328E+3
2.56802E+4	1.11245E+3
2.56904E+4	1.11190E+3
2.57005E+4	1.11143E+3
2.57106E+4	1.11065E+3
2.57207E+4	1.11013E+3
2.57308E+4	1.10952E+3
2.57409E+4	1.10889E+3
2.57510E+4	1.10812E+3
2.57611E+4	1.10759E+3
2.57712E+4	1.10723E+3
2.57814E+4	1.10653E+3
2.57915E+4	1.10574E+3
2.58016E+4	1.10507E+3
2.58117E+4	1.10434E+3
2.58218E+4	1.10373E+3
2.58319E+4	1.10298E+3
2.58420E+4	1.10247E+3
2.58521E+4	1.10177E+3
2.58622E+4	1.10090E+3
2.58723E+4	1.10037E+3
2.58825E+4	1.09963E+3
2.58926E+4	1.09882E+3
2.59027E+4	1.09837E+3
2.59128E+4	1.09784E+3
2.59229E+4	1.09712E+3
2.59330E+4	1.09642E+3
2.59431E+4	1.09604E+3
2.59532E+4	1.09543E+3
2.59633E+4	1.09480E+3
2.59734E+4	1.09427E+3
2.59836E+4	1.09360E+3
2.59937E+4	1.09264E+3
2.60038E+4	1.09182E+3
2.60139E+4	1.09130E+3
2.60240E+4	1.09073E+3
2.60341E+4	1.09006E+3
2.60442E+4	1.08936E+3
2.60543E+4	1.08869E+3
2.60644E+4	1.08828E+3
2.60745E+4	1.08752E+3
2.60847E+4	1.08700E+3
2.60948E+4	1.08649E+3
2.61049E+4	1.08559E+3
2.61150E+4	1.08489E+3
2.61251E+4	1.08419E+3
2.61352E+4	1.08358E+3
2.61453E+4	1.08311E+3
2.61554E+4	1.08259E+3
2.61655E+4	1.08190E+3
2.61757E+4	1.08117E+3
2.61858E+4	1.08056E+3
2.61959E+4	1.07995E+3
2.62060E+4	1.07916E+3
2.62161E+4	1.07831E+3
2.62262E+4	1.07762E+3
2.62363E+4	1.07705E+3
2.62464E+4	1.07626E+3
2.62565E+4	1.07569E+3
2.62666E+4	1.07516E+3
2.62768E+4	1.07472E+3
2.62869E+4	1.07394E+3
2.62970E+4	1.07341E+3
2.63071E+4	1.07261E+3
2.63172E+4	1.07191E+3
2.63273E+4	1.07134E+3
2.63374E+4	1.07066E+3
2.63475E+4	1.06998E+3
2.63576E+4	1.06932E+3
2.63678E+4	1.06884E+3
2.63779E+4	1.06839E+3
2.63880E+4	1.06783E+3
2.63981E+4	1.06703E+3
2.64082E+4	1.06604E+3
2.64183E+4	1.06532E+3
2.64284E+4	1.06480E+3
2.64385E+4	1.06417E+3
2.64486E+4	1.06358E+3
2.64587E+4	1.06300E+3
2.64689E+4	1.06222E+3
2.64790E+4	1.06159E+3
2.64891E+4	1.06085E+3
2.64992E+4	1.06032E+3
2.65093E+4	1.05966E+3
2.65194E+4	1.05915E+3
2.65295E+4	1.05864E+3
2.65396E+4	1.05792E+3
2.65497E+4	1.05715E+3
2.65599E+4	1.05674E+3
2.65700E+4	1.05605E+3
2.65801E+4	1.05529E+3
2.65902E+4	1.05470E+3
2.66003E+4	1.05406E+3
2.66104E+4	1.05336E+3
2.66205E+4	1.05267E+3
2.66306E+4	1.05194E+3
2.66407E+4	1.05137E+3
2.66508E+4	1.05078E+3
2.66610E+4	1.05012E+3
2.66711E+4	1.04939E+3
2.66812E+4	1.04874E+3
2.66913E+4	1.04814E+3
2.67014E+4	1.04748E+3
2.67115E+4	1.04680E+3
2.67216E+4	1.04629E+3
2.67317E+4	1.04578E+3
2.67418E+4	1.04502E+3
2.67520E+4	1.04447E+3
2.67621E+4	1.04396E+3
2.67722E+4	1.04331E+3
2.67823E+4	1.04263E+3
2.67924E+4	1.04205E+3
2.68025E+4	1.04132E+3
2.68126E+4	1.04063E+3
2.68227E+4	1.03989E+3
2.68328E+4	1.03900E+3
2.68429E+4	1.03841E+3
2.68531E+4	1.03806E+3
2.68632E+4	1.03732E+3
2.68733E+4	1.03657E+3
2.68834E+4	1.03582E+3
2.68935E+4	1.03512E+3
2.69036E+4	1.03446E+3
2.69137E+4	1.03400E+3
2.69238E+4	1.03325E+3
2.69339E+4	1.03282E+3
2.69441E+4	1.03227E+3
2.69542E+4	1.03163E+3
2.69643E+4	1.03091E+3
2.69744E+4	1.03025E+3
2.69845E+4	1.02942E+3
2.69946E+4	1.02867E+3
2.70047E+4	1.02815E+3
2.70148E+4	1.02772E+3
2.70249E+4	1.02706E+3
2.70350E+4	1.02645E+3
2.70452E+4	1.02565E+3
2.70553E+4	1.02496E+3
2.70654E+4	1.02445E+3
2.70755E+4	1.02374E+3
2.70856E+4	1.02295E+3
2.70957E+4	1.02225E+3
2.71058E+4	1.02186E+3
2.71159E+4	1.02122E+3
2.71260E+4	1.02050E+3
2.71362E+4	1.01989E+3
2.71463E+4	1.01917E+3
2.71564E+4	1.01843E+3
2.71665E+4	1.01786E+3
2.71766E+4	1.01729E+3
2.71867E+4	1.01667E+3
2.71968E+4	1.01595E+3
2.72069E+4	1.01523E+3
2.72170E+4	1.01463E+3
2.72271E+4	1.01383E+3
2.72373E+4	1.01322E+3
2.72474E+4	1.01266E+3
2.72575E+4	1.01196E+3
2.72676E+4	1.01135E+3
2.72777E+4	1.01092E+3
2.72878E+4	1.01025E+3
2.72979E+4	1.00944E+3
2.73080E+4	1.00879E+3
2.73181E+4	1.00812E+3
2.73283E+4	1.00746E+3
2.73384E+4	1.00704E+3
2.73485E+4	1.00648E+3
2.73586E+4	1.00583E+3
2.73687E+4	1.00497E+3
2.73788E+4	1.00418E+3
2.73889E+4	1.00337E+3
2.73990E+4	1.00268E+3
2.74091E+4	1.00210E+3
2.74192E+4	1.00151E+3
2.74294E+4	1.00085E+3
2.74395E+4	1.00032E+3
2.74496E+4	9.99656E+2
2.74597E+4	9.98983E+2
2.74698E+4	9.98531E+2
2.74799E+4	9.98140E+2
2.74900E+4	9.97671E+2
2.75001E+4	9.97039E+2
2.75102E+4	9.96406E+2
2.75204E+4	9.95664E+2
2.75305E+4	9.94717E+2
2.75406E+4	9.93861E+2
2.75507E+4	9.93266E+2
2.75608E+4	9.92644E+2
2.75709E+4	9.91905E+2
2.75810E+4	9.91204E+2
2.75911E+4	9.90729E+2
2.76012E+4	9.90362E+2
2.76113E+4	9.89877E+2
2.76215E+4	9.89176E+2
2.76316E+4	9.88414E+2
2.76417E+4	9.87710E+2
2.76518E+4	9.87099E+2
2.76619E+4	9.86541E+2
2.76720E+4	9.85947E+2
2.76821E+4	9.85253E+2
2.76922E+4	9.84568E+2
2.77023E+4	9.83928E+2
2.77125E+4	9.83210E+2
2.77226E+4	9.82577E+2
2.77327E+4	9.81929E+2
2.77428E+4	9.81139E+2
2.77529E+4	9.80485E+2
2.77630E+4	9.80005E+2
2.77731E+4	9.79392E+2
2.77832E+4	9.78678E+2
2.77933E+4	9.78168E+2
2.78034E+4	9.77414E+2
2.78136E+4	9.76615E+2
2.78237E+4	9.75876E+2
2.78338E+4	9.75186E+2
2.78439E+4	9.74510E+2
2.78540E+4	9.74114E+2
2.78641E+4	9.73574E+2
2.78742E+4	9.72852E+2
2.78843E+4	9.72142E+2
2.78944E+4	9.71583E+2
2.79045E+4	9.70897E+2
2.79147E+4	9.70215E+2
2.79248E+4	9.69590E+2
2.79349E+4	9.69051E+2
2.79450E+4	9.68556E+2
2.79551E+4	9.67847E+2
2.79652E+4	9.67052E+2
2.79753E+4	9.66394E+2
2.79854E+4	9.65622E+2
2.79955E+4	9.65024E+2
2.80057E+4	9.64469E+2
2.80158E+4	9.63827E+2
2.80259E+4	9.63239E+2
2.80360E+4	9.62617E+2
2.80461E+4	9.61926E+2
2.80562E+4	9.61315E+2
2.80663E+4	9.60624E+2
2.80764E+4	9.60009E+2
2.80865E+4	9.59236E+2
2.80967E+4	9.58485E+2
2.81068E+4	9.57874E+2
2.81169E+4	9.57330E+2
2.81270E+4	9.56759E+2
2.81371E+4	9.56102E+2
2.81472E+4	9.55521E+2
2.81573E+4	9.54777E+2
2.81674E+4	9.53958E+2
2.81775E+4	9.53338E+2
2.81876E+4	9.52634E+2
2.81977E+4	9.51951E+2
2.82079E+4	9.51413E+2
2.82180E+4	9.50757E+2
2.82281E+4	9.50031E+2
2.82382E+4	9.49258E+2
2.82483E+4	9.48711E+2
2.82584E+4	9.48241E+2
2.82685E+4	9.47727E+2
2.82786E+4	9.47090E+2
2.82887E+4	9.46477E+2
2.82989E+4	9.45791E+2
2.83090E+4	9.45093E+2
2.83191E+4	9.44351E+2
2.83292E+4	9.43678E+2
2.83393E+4	9.43019E+2
2.83494E+4	9.42304E+2
2.83595E+4	9.41563E+2
2.83696E+4	9.40821E+2
2.83797E+4	9.40206E+2
2.83898E+4	9.39507E+2
2.84000E+4	9.38828E+2
2.84101E+4	9.38366E+2
2.84202E+4	9.37698E+2
2.84303E+4	9.36860E+2
2.84404E+4	9.36116E+2
2.84505E+4	9.35571E+2
2.84606E+4	9.34863E+2
2.84707E+4	9.34115E+2
2.84808E+4	9.33401E+2
2.84910E+4	9.32806E+2
2.85011E+4	9.32277E+2
2.85112E+4	9.31537E+2
2.85213E+4	9.30764E+2
2.85314E+4	9.30139E+2
2.85415E+4	9.29776E+2
2.85516E+4	9.29360E+2
2.85617E+4	9.28801E+2
2.85718E+4	9.28131E+2
2.85819E+4	9.27371E+2
2.85921E+4	9.26727E+2
2.86022E+4	9.26209E+2
2.86123E+4	9.25565E+2
2.86224E+4	9.24958E+2
2.86325E+4	9.24271E+2
2.86426E+4	9.23562E+2
2.86527E+4	9.22852E+2
2.86628E+4	9.22225E+2
2.86729E+4	9.21657E+2
2.86830E+4	9.21057E+2
2.86932E+4	9.20242E+2
2.87033E+4	9.19437E+2
2.87134E+4	9.18814E+2
2.87235E+4	9.18105E+2
2.87336E+4	9.17482E+2
2.87437E+4	9.16826E+2
2.87538E+4	9.16071E+2
2.87639E+4	9.15517E+2
2.87740E+4	9.15052E+2
2.87841E+4	9.14571E+2
2.87943E+4	9.13951E+2
2.88044E+4	9.13357E+2
2.88145E+4	9.12754E+2
2.88246E+4	9.12056E+2
2.88347E+4	9.11413E+2
2.88448E+4	9.10817E+2
2.88549E+4	9.10168E+2
2.88650E+4	9.09519E+2
2.88751E+4	9.08620E+2
2.88853E+4	9.07850E+2
2.88954E+4	9.07303E+2
2.89055E+4	9.06796E+2
2.89156E+4	9.06112E+2
2.89257E+4	9.05345E+2
2.89358E+4	9.04617E+2
2.89459E+4	9.03926E+2
2.89560E+4	9.03360E+2
2.89661E+4	9.02866E+2
2.89762E+4	9.02353E+2
2.89864E+4	9.01702E+2
2.89965E+4	9.00892E+2
2.90066E+4	9.00185E+2
2.90167E+4	8.99508E+2
2.90268E+4	8.98751E+2
2.90369E+4	8.97978E+2
2.90470E+4	8.97357E+2
2.90571E+4	8.96778E+2
2.90672E+4	8.96223E+2
2.90774E+4	8.95582E+2
2.90875E+4	8.94855E+2
2.90976E+4	8.94024E+2
2.91077E+4	8.93350E+2
2.91178E+4	8.92712E+2
2.91279E+4	8.92131E+2
2.91380E+4	8.91533E+2
2.91481E+4	8.90925E+2
2.91582E+4	8.90232E+2
2.91683E+4	8.89545E+2
2.91785E+4	8.88950E+2
2.91886E+4	8.88431E+2
2.91987E+4	8.87824E+2
2.92088E+4	8.87029E+2
2.92189E+4	8.86247E+2
2.92290E+4	8.85702E+2
2.92391E+4	8.85117E+2
2.92492E+4	8.84369E+2
2.92593E+4	8.83794E+2
2.92695E+4	8.83259E+2
2.92796E+4	8.82681E+2
2.92897E+4	8.82022E+2
2.92998E+4	8.81128E+2
2.93099E+4	8.80318E+2
2.93200E+4	8.79744E+2
2.93301E+4	8.79173E+2
2.93402E+4	8.78447E+2
2.93503E+4	8.77706E+2
2.93604E+4	8.77138E+2
2.93706E+4	8.76614E+2
2.93807E+4	8.75964E+2
2.93908E+4	8.75265E+2
2.94009E+4	8.74596E+2
2.94110E+4	8.73980E+2
2.94211E+4	8.73380E+2
2.94312E+4	8.72684E+2
2.94413E+4	8.71983E+2
2.94514E+4	8.71350E+2
2.94615E+4	8.70714E+2
2.94717E+4	8.70156E+2
2.94818E+4	8.69530E+2
2.94919E+4	8.68885E+2
2.95020E+4	8.68229E+2
2.95121E+4	8.67511E+2
