0.11	448.32
10.22	448.54
20.33	448.73
30.44	448.9
40.55	449.04
50.66	449.17
60.78	449.3
70.89	449.45
81	449.59
91.11	449.74
101.22	449.88
111.33	450.01
121.44	450.15
131.55	450.32
141.66	450.43
151.77	450.61
161.88	450.79
171.99	450.91
182.1	451.02
192.21	451.11
202.32	451.24
212.44	451.39
222.55	451.56
232.66	451.71
242.77	451.86
252.88	451.99
262.99	452.11
273.1	452.22
283.21	452.33
293.32	452.44
303.43	452.58
313.54	452.7
323.65	452.82
333.76	452.93
343.87	453.06
353.98	453.18
364.09	453.29
374.2	453.39
384.31	453.5
394.42	453.62
404.54	453.74
414.65	453.89
424.76	454.04
434.87	454.17
444.98	454.3
455.09	454.4
465.2	454.51
475.31	454.56
485.42	454.67
495.53	454.76
505.64	454.93
515.75	454.97
525.86	455.07
535.97	455.16
546.08	455.26
556.19	455.42
566.3	455.45
576.41	455.54
586.52	455.62
596.64	455.76
606.75	455.78
616.86	455.85
626.97	456
637.08	455.99
647.19	456.11
657.3	456.16
667.41	456.23
677.52	456.28
687.63	456.34
697.74	456.39
707.85	456.43
717.96	456.49
728.07	456.54
738.18	456.53
748.29	456.61
758.4	456.67
768.51	456.74
778.63	456.82
788.74	456.87
798.85	456.91
808.96	456.95
819.07	457
829.18	457.04
839.29	457.1
849.4	457.17
859.51	457.22
869.62	457.29
879.73	457.35
889.84	457.41
899.95	457.47
910.07	457.51
920.17	457.53
930.29	457.52
940.4	457.57
950.51	457.6
960.62	457.63
970.73	457.67
980.84	457.71
990.95	457.74
1001.06	457.78
1011.17	457.85
1021.28	457.9
1031.39	457.94
1041.51	457.97
1051.62	458
1061.73	458.05
1071.84	458.08
1081.95	458.11
1092.06	458.12
1102.17	458.12
1112.28	458.19
1122.39	458.2
1132.5	458.22
1142.61	458.24
1152.72	458.28
1162.83	458.31
1172.94	458.39
1183.05	458.41
1193.16	458.43
1203.28	458.43
1213.39	458.45
1223.5	458.54
1233.61	458.57
1243.72	458.58
1253.83	458.58
1263.94	458.58
1274.05	458.65
1284.16	458.66
1294.27	458.67
1304.38	458.68
1314.49	458.76
1324.6	458.77
1334.71	458.78
1344.82	458.86
1354.94	458.88
1365.05	458.88
1375.16	458.9
1385.27	458.98
1395.38	459
1405.49	459.07
1415.6	459.07
1425.71	459.08
1435.82	459.14
1445.93	459.14
1456.04	459.12
1466.15	459.18
1476.26	459.18
1486.37	459.24
1496.48	459.28
1506.59	459.43
1516.7	459.57
1526.81	459.74
1536.92	460
1547.04	460.22
1557.15	460.5
1567.26	460.72
1577.37	461.01
1587.48	461.25
1597.59	461.56
1607.7	461.82
1617.81	462.08
1627.92	462.41
1638.03	462.69
1648.14	463.01
1658.25	463.27
1668.36	463.54
1678.47	463.84
1688.58	464.11
1698.69	464.37
1708.8	464.66
1718.91	464.93
1729.02	465.28
1739.13	465.59
1749.24	465.96
1759.35	466.27
1769.46	466.58
1779.56	466.93
1789.67	467.21
1799.78	467.59
1809.89	467.91
1820	468.24
1830.11	468.66
1840.22	469.01
1850.33	469.44
1860.44	469.77
1870.54	470.16
1880.65	470.48
1890.76	470.8
1900.87	471.22
1910.98	471.59
1921.09	472.04
1931.2	472.45
1941.31	472.84
1951.42	473.29
1961.53	473.69
1971.64	474.15
1981.74	474.54
1991.85	474.95
2001.96	475.4
2012.07	475.76
2022.18	476.17
2032.29	476.66
2042.4	477.12
2052.51	477.59
2062.61	478.1
2072.72	478.54
2082.83	479.03
2092.94	479.47
2103.05	479.88
2113.16	480.35
2123.27	480.78
2133.38	481.26
2143.48	481.67
2153.59	482.08
2163.7	482.55
2173.81	482.96
2183.92	483.39
2194.03	483.9
2204.14	484.4
2214.25	484.93
2224.36	485.49
2234.47	486.01
2244.58	486.52
2254.69	487.07
2264.8	487.52
2274.91	487.93
2285.02	488.42
2295.13	488.87
2305.24	489.38
2315.35	489.93
2325.46	490.53
2335.56	491.08
2345.68	491.62
2355.79	492.19
2365.9	492.69
2376.01	493.3
2386.12	493.85
2396.23	494.4
2406.34	494.93
2416.44	495.51
2426.56	496.02
2436.66	496.5
2446.77	497.05
2456.88	497.59
2466.99	498.15
2477.1	498.82
2487.21	499.41
2497.31	500
2507.42	500.57
2517.53	501.18
2527.64	501.72
2537.75	502.31
2547.86	502.89
2557.97	503.54
2568.07	504.12
2578.18	504.75
2588.29	505.37
2598.4	506.05
2608.51	506.74
2618.62	507.4
2628.73	508.11
2638.84	508.74
2648.95	509.37
2659.06	510.02
2669.17	510.7
2679.28	511.4
2689.39	512.12
2699.51	512.79
2709.62	513.46
2719.73	514.19
2729.84	514.91
2739.95	515.63
2750.06	516.35
2760.17	517.1
2770.28	517.9
2780.39	518.63
2790.5	519.39
2800.61	520.14
2810.72	520.9
2820.83	521.75
2830.94	522.56
2841.05	523.32
2851.16	524.11
2861.27	524.89
2871.38	525.67
2881.49	526.56
2891.61	527.42
2901.72	528.3
2911.83	529.28
2921.94	530.27
2932.05	531.24
2942.16	532.13
2952.27	533.02
2962.38	533.95
2972.49	534.97
2982.6	536.04
2992.71	537.18
3002.82	538.3
3012.93	539.43
3023.04	540.64
3033.15	541.95
3043.26	543.33
3053.37	544.67
3063.48	546.08
3073.59	547.53
3083.7	549
3093.81	550.56
3103.92	552.12
3114.04	553.83
3124.15	555.52
3134.26	556.93
3144.37	557.96
3154.48	558.76
3164.59	559.36
3174.7	559.91
3184.81	560.33
3194.92	560.83
3205.03	561.47
3215.14	562.2
3225.25	562.99
3235.36	563.69
3245.47	564.35
3255.58	564.96
3265.69	565.61
3275.8	566.3
3285.91	566.95
3296.02	567.61
3306.13	568.27
3316.24	568.99
3326.35	569.71
3336.46	570.54
3346.58	571.36
3356.68	572.14
3366.79	572.88
3376.9	573.58
3387.02	574.27
3397.13	574.98
3407.24	575.6
3417.35	576.23
3427.46	576.84
3437.57	577.5
3447.68	578.25
3457.79	579.08
3467.9	579.75
3478.01	580.35
3488.12	581.03
3498.23	581.71
3508.34	582.43
3518.45	583.23
3528.56	584.06
3538.67	584.82
3548.78	585.57
3558.89	586.4
3569.01	587.07
3579.12	587.68
3589.23	588.3
3599.34	588.91
3609.45	589.61
3619.56	590.31
3629.67	591.01
3639.78	591.7
3649.89	592.48
3660	593.12
3670.11	593.73
3680.22	594.32
3690.33	594.94
3700.44	595.53
3710.55	596.13
3720.66	596.8
3730.77	597.45
3740.88	598.14
3751	598.83
3761.11	599.51
3771.22	600.25
3781.33	601.05
3791.44	601.72
3801.55	602.33
3811.66	602.86
3821.77	603.38
3831.88	604
3841.99	604.69
3852.1	605.35
3862.21	606.01
3872.32	606.63
3882.43	607.29
3892.54	607.9
3902.65	608.54
3912.76	609.23
3922.87	609.87
3932.98	610.49
3943.09	611.08
3953.2	611.67
3963.32	612.44
3973.42	613.1
3983.53	613.75
3993.64	614.36
4003.75	614.97
4013.86	615.61
4023.97	616.29
4034.08	616.91
4044.19	617.58
4054.31	618.36
4064.42	619.08
4074.53	619.81
4084.64	620.55
4094.75	621.16
4104.86	621.76
4114.97	622.26
4125.08	622.79
4135.19	623.39
4145.3	624.04
4155.41	624.65
4165.52	625.3
4175.63	625.88
4185.74	626.44
4195.85	626.96
4205.96	627.55
4216.07	628.25
4226.19	628.98
4236.3	629.64
4246.41	630.35
4256.52	630.96
4266.63	631.5
4276.74	632.04
4286.85	632.66
4296.96	633.41
4307.07	634.09
4317.18	634.72
4327.29	635.38
4337.4	636.03
4347.51	636.78
4357.62	637.52
4367.73	638.25
4377.84	638.85
4387.95	639.37
4398.06	639.98
4408.18	640.55
4418.29	641.15
4428.4	641.83
4438.51	642.43
4448.62	643.08
4458.73	643.75
4468.84	644.4
4478.95	644.91
4489.06	645.35
4499.17	645.97
4509.28	646.67
4519.39	647.22
4529.5	647.78
4539.61	648.4
4549.72	649
4559.83	649.71
4569.94	650.43
4580.05	651.02
4590.16	651.58
4600.27	652.14
4610.38	652.77
4620.49	653.52
4630.6	654.22
4640.71	654.86
4650.82	655.46
4660.93	656.01
4671.04	656.58
4681.15	657.21
4691.26	657.76
4701.37	658.29
4711.48	658.85
4721.59	659.51
4731.7	660.18
4741.81	660.9
4751.92	661.54
4762.03	662.19
4772.14	662.79
4782.25	663.4
4792.36	664.06
4802.47	664.76
4812.58	665.5
4822.69	666.15
4832.8	666.7
4842.91	667.17
4853.02	667.71
4863.13	668.33
4873.24	668.93
4883.35	669.5
4893.46	669.98
4903.57	670.56
4913.68	671.32
4923.79	672.19
4933.9	672.95
4944.01	673.52
4954.12	674.07
4964.23	674.63
4974.34	675.23
4984.45	675.9
4994.56	676.62
5004.67	677.23
5014.78	677.8
5024.89	678.39
5035	679.1
5045.11	679.68
5055.22	680.29
5065.33	680.71
5075.44	681.36
5085.55	681.98
5095.66	682.64
5105.77	683.28
5115.88	684
5126	684.64
5136.1	685.21
5146.21	685.92
5156.32	686.66
5166.44	687.26
5176.55	687.76
5186.66	688.32
5196.77	688.82
5206.88	689.49
5216.99	690.18
5227.1	690.82
5237.21	691.31
5247.32	691.8
5257.43	692.38
5267.54	693.12
5277.65	693.87
5287.76	694.61
5297.88	695.27
5307.99	695.85
5318.1	696.37
5328.21	696.9
5338.32	697.57
5348.43	698.23
5358.54	699.02
5368.65	699.79
5378.76	700.57
5388.87	701.24
5398.98	701.93
5409.09	702.5
5419.2	703.07
5429.31	703.65
5439.42	704.14
5449.53	704.58
5459.64	705.06
5469.75	705.63
5479.86	706.24
5489.97	706.94
5500.08	707.56
5510.19	708.12
5520.3	708.71
5530.41	709.34
5540.52	710.02
5550.63	710.65
5560.74	711.2
5570.85	711.76
5580.96	712.33
5591.07	712.99
5601.18	713.57
5611.29	714.2
5621.4	714.79
5631.51	715.4
5641.62	715.97
5651.73	716.48
5661.84	717.07
5671.95	717.77
5682.07	718.43
5692.18	719.12
5702.28	719.86
5712.39	720.5
5722.5	721.08
5732.61	721.57
5742.72	722.08
5752.83	722.65
5762.94	723.29
5773.05	723.9
5783.16	724.4
5793.27	724.94
5803.38	725.49
5813.49	726.06
5823.61	726.66
5833.72	727.22
5843.82	727.9
5853.94	728.62
5864.05	729.28
5874.16	729.78
5884.27	730.12
5894.38	730.59
5904.49	731.27
5914.6	732.1
5924.71	732.83
5934.82	733.47
5944.93	733.92
5955.04	734.38
5965.15	734.86
5975.26	735.31
5985.37	735.86
5995.48	736.44
6005.59	736.82
6015.7	737.48
6025.81	738.25
6035.92	738.98
6046.03	739.7
6056.14	740.32
6066.25	740.96
6076.36	741.6
6086.47	742.25
6096.58	742.94
6106.69	743.76
6116.8	744.42
6126.91	744.74
6137.02	745.15
6147.13	745.68
6157.24	746.27
6167.35	746.77
6177.46	747.31
6187.57	747.85
6197.68	748.44
6207.79	749.17
6217.9	749.91
6228.01	750.51
6238.12	751.12
6248.23	751.66
6258.34	752.27
6268.45	753.05
6278.57	753.84
6288.68	754.58
6298.79	755.08
6308.9	755.58
6319.01	756.06
6329.12	756.64
6339.23	757.14
6349.34	757.76
6359.45	758.34
6369.56	758.94
6379.67	759.62
6389.78	760.28
6399.89	761
6410	761.62
6420.11	762.25
6430.22	762.99
6440.33	763.64
6450.44	764.1
6460.55	764.57
6470.66	765.03
6480.77	765.51
6490.88	766.04
6500.99	766.64
6511.1	767.17
6521.21	767.87
6531.32	768.59
6541.44	769.3
6551.55	769.97
6561.66	770.41
6571.77	770.81
6581.88	771.38
6591.99	772.04
6602.1	772.72
6612.21	773.44
6622.32	774.03
6632.43	774.62
6642.54	775.11
6652.65	775.65
6662.76	776.02
6672.87	776.51
6682.98	777.09
6693.09	777.72
6703.2	778.49
6713.31	779.15
6723.42	779.68
6733.53	780.03
6743.64	780.43
6753.75	780.99
6763.86	781.75
6773.97	782.42
6784.08	783.03
6794.19	783.69
6804.3	784.35
6814.41	784.87
6824.52	785.37
6834.63	785.91
6844.74	786.38
6854.85	786.91
6864.96	787.44
6875.07	788.04
6885.18	788.85
6895.29	789.67
6905.4	790.48
6915.51	791.16
6925.62	791.58
6935.73	792.07
6945.84	792.56
6955.95	793.07
6966.06	793.43
6976.18	793.94
6986.28	794.64
6996.4	795.33
7006.5	795.84
7016.62	796.24
7026.73	796.77
7036.84	797.39
7046.95	798.05
7057.06	798.67
7067.17	799.29
7077.28	800.04
7087.39	800.69
7097.5	801.17
7107.61	801.64
7117.72	802.27
7127.83	802.88
7137.94	803.46
7148.05	803.95
7158.16	804.36
7168.27	804.94
7178.38	805.64
7188.49	806.23
7198.6	806.73
7208.71	807.4
7218.82	807.95
7228.93	808.52
7239.04	809
7249.15	809.51
7259.26	810.14
7269.37	810.81
7279.48	811.53
7289.59	811.97
7299.7	812.45
7309.81	813.02
7319.92	813.62
7330.03	814.18
7340.14	814.75
7350.25	815.39
7360.36	815.95
7370.47	816.65
7380.58	817.32
7390.69	818
7400.8	818.64
7410.91	819.12
7421.02	819.66
7431.13	820.31
7441.24	820.83
7451.35	821.42
7461.46	821.74
7471.57	822.3
7481.68	823.13
7491.79	823.71
7501.9	824.05
7512.01	824.38
7522.12	825.01
7532.23	825.58
7542.34	826.21
7552.45	827
7562.56	827.65
7572.67	828.1
7582.78	828.47
7592.89	829.02
7603	829.8
7613.11	830.53
7623.22	831.1
7633.33	831.51
7643.44	831.82
7653.55	832.13
7663.66	832.61
7673.77	833.44
7683.88	834.39
7694	835.14
7704.1	835.76
7714.21	836.39
7724.32	836.97
7734.43	837.42
7744.54	838
7754.65	838.53
7764.77	839.02
7774.88	839.35
7784.99	839.67
7795.1	840.22
7805.21	841
7815.32	841.95
7825.43	842.52
7835.54	843.03
7845.65	843.37
7855.76	843.81
7865.87	844.47
7875.98	845.27
7886.09	846.04
7896.2	846.71
7906.31	847.12
7916.42	847.54
7926.53	847.99
7936.64	848.5
7946.75	849.12
7956.86	849.92
7966.97	850.7
7977.08	851.17
7987.19	851.51
7997.3	852.15
8007.41	852.64
8017.52	853.08
8027.63	853.79
8037.74	854.47
8047.85	855.03
8057.96	855.81
8068.07	856.46
8078.18	856.94
8088.29	857.4
8098.4	857.84
8108.51	858.21
8118.62	858.69
8128.73	859.27
8138.84	859.74
8148.95	860.4
8159.06	861.04
8169.17	861.64
8179.28	862.16
8189.39	862.92
8199.5	863.69
8209.61	864.48
8219.73	865.18
8229.84	865.67
8239.94	865.94
8250.06	866.39
8260.16	866.95
8270.28	867.68
8280.38	868.2
8290.5	868.81
8300.6	869.48
8310.71	870.11
8320.82	870.75
8330.93	871.12
8341.04	871.5
8351.15	871.92
8361.26	872.63
8371.37	873.22
8381.48	873.55
8391.59	874.04
8401.7	874.72
8411.81	875.32
8421.92	875.81
8432.03	876.21
8442.14	876.73
8452.25	877.41
8462.36	877.95
8472.47	878.55
8482.58	879.2
8492.69	879.73
8502.8	880.35
8512.91	881
8523.02	881.46
8533.14	881.93
8543.24	882.45
8553.35	883.01
8563.46	883.62
8573.57	884.29
8583.68	884.96
8593.79	885.35
8603.9	885.84
8614.01	886.4
8624.12	887.01
8634.23	887.56
8644.34	888.07
8654.46	888.61
8664.56	889.09
8674.67	889.5
8684.78	890.11
8694.89	890.96
8705	891.77
8715.11	892.38
8725.23	892.84
8735.33	893.28
8745.44	893.75
8755.56	894.2
8765.66	894.67
8775.78	895.06
8785.89	895.7
8796	896.27
8806.11	896.91
8816.22	897.44
8826.33	898.13
8836.43	898.8
8846.54	899.59
8856.65	899.94
8866.77	900.34
8876.88	901
8886.99	901.63
8897.1	902.09
8907.21	902.57
8917.32	902.91
8927.42	903.54
8937.54	904.21
8947.65	905.05
8957.76	905.6
8967.87	906.05
8977.98	906.61
8988.09	907.2
8998.2	907.79
9008.31	908.43
9018.42	908.94
9028.53	909.27
9038.64	909.73
9048.75	910.34
9058.86	910.87
9068.97	911.47
9079.08	912.13
9089.19	912.6
9099.3	913.17
9109.41	913.88
9119.52	914.38
9129.63	914.91
9139.74	915.5
9149.85	915.98
9159.96	916.47
9170.07	917.26
9180.18	917.99
9190.29	918.29
9200.4	918.76
9210.51	919.31
9220.62	919.63
9230.73	919.95
9240.84	920.56
9250.95	921.42
9261.06	922.16
9271.17	922.54
9281.28	923.01
9291.39	923.74
9301.5	924.58
9311.61	925.14
9321.72	925.58
9331.83	925.92
9341.94	926.38
9352.05	927.01
9362.16	927.5
9372.27	927.94
9382.38	928.44
9392.49	928.94
9402.6	929.61
9412.71	930.39
9422.82	930.82
9432.93	931.1
9443.04	931.73
9453.15	932.63
9463.26	933.14
9473.37	933.63
9483.48	934.36
9493.59	935.05
9503.7	935.53
9513.81	935.85
9523.92	936.29
9534.03	936.85
9544.14	937.36
9554.25	937.83
9564.36	938.34
9574.47	938.89
9584.58	939.52
9594.69	940.28
9604.8	940.88
9614.91	941.17
9625.02	941.76
9635.13	942.48
9645.24	942.99
9655.35	943.49
9665.46	944.03
9675.57	944.42
9685.68	944.9
9695.79	945.82
9705.9	946.57
9716.01	947.02
9726.12	947.64
9736.23	948.09
9746.34	948.62
9756.45	949.49
9766.56	950.28
9776.67	950.87
9786.78	951.31
9796.89	951.74
9807	952.13
9817.11	952.71
9827.22	953.31
9837.33	954.08
9847.44	954.57
9857.55	955.18
9867.66	955.67
9877.77	956.1
9887.88	956.54
9897.99	956.89
9908.1	957.43
9918.21	958
9928.32	958.68
9938.43	959.38
9948.54	959.88
9958.65	960.36
9968.76	960.94
9978.87	961.31
9988.98	961.88
9999.09	962.37
10009.2	962.76
10019.31	963.24
10029.42	963.63
10039.53	964.03
10049.64	964.68
10059.75	965.29
10069.86	966.21
10079.97	966.81
10090.08	967.23
10100.19	967.76
10110.3	968.32
10120.41	968.96
10130.52	969.56
10140.64	970.19
10150.74	970.76
10160.86	971.16
10170.97	971.63
10181.07	972.15
10191.18	972.66
10201.29	973.32
10211.41	973.96
10221.51	974.45
10231.62	975.01
10241.73	975.62
10251.84	976.21
10261.95	976.75
10272.06	977.26
10282.17	977.67
10292.28	978.05
10302.39	978.78
10312.5	979.36
10322.61	979.87
10332.72	980.33
10342.83	980.79
10352.94	981.11
10363.05	981.79
10373.16	982.55
10383.27	983.16
10393.38	983.63
10403.5	984.28
10413.6	984.97
10423.72	985.42
10433.82	985.93
10443.93	986.56
10454.04	986.87
10464.15	987.33
10474.27	987.86
10484.37	988.29
10494.48	988.84
10504.59	989.47
10514.71	990.3
10524.82	990.92
10534.93	991.55
10545.04	992.14
10555.15	992.66
10565.26	992.88
10575.37	993.46
10585.47	993.94
10595.59	994.25
10605.7	994.71
10615.81	995.12
10625.92	995.92
10636.03	996.61
10646.14	997.07
10656.25	997.77
10666.36	998.15
10676.47	998.48
10686.58	998.94
10696.69	999.64
10706.8	1000.51
10716.91	1001.04
10727.02	1001.65
10737.13	1002.35
10747.24	1002.91
10757.35	1003.52
10767.46	1003.85
10777.57	1004.45
10787.68	1004.88
10797.79	1005.55
10807.9	1006.21
10818.01	1006.83
10828.12	1007.24
10838.23	1007.76
10848.34	1008.02
10858.45	1008.77
10868.56	1009.37
10878.67	1009.97
10888.78	1010.53
10898.89	1010.99
10909	1011.32
10919.11	1011.77
10929.22	1012.3
10939.33	1012.79
10949.44	1013.27
10959.55	1013.72
10969.66	1014.34
10979.77	1015.04
10989.88	1015.88
10999.99	1016.32
11010.1	1016.62
11020.21	1017.01
11030.32	1017.54
11040.43	1017.99
11050.54	1018.49
11060.65	1018.93
11070.76	1019.6
11080.87	1020.37
11090.98	1020.56
11101.09	1020.96
11111.2	1021.63
11121.32	1022.35
11131.42	1022.94
11141.54	1023.42
11151.64	1023.86
11161.75	1024.53
11171.86	1025.05
11181.97	1025.59
11192.09	1026.07
11202.19	1026.74
11212.3	1027.42
11222.41	1027.99
11232.53	1028.36
11242.64	1028.83
11252.75	1029.19
11262.86	1029.88
11272.97	1030.56
11283.08	1031.18
11293.19	1031.57
11303.3	1032.19
11313.41	1032.93
11323.52	1033.53
11333.63	1033.99
11343.74	1034.46
11353.85	1034.98
11363.96	1035.55
11374.07	1036.21
11384.18	1036.48
11394.29	1036.85
11404.4	1037.49
11414.51	1037.94
11424.62	1038.69
11434.73	1039.3
11444.84	1039.62
11454.95	1040.32
11465.06	1040.94
11475.17	1041.57
11485.28	1042.09
11495.39	1042.53
11505.5	1043.02
11515.61	1043.5
11525.72	1043.72
11535.83	1044.38
11545.94	1044.9
11556.05	1045.18
11566.16	1045.8
11576.27	1046.65
11586.38	1047.34
11596.49	1047.9
11606.6	1048.21
11616.71	1048.72
11626.82	1049.25
11636.93	1049.84
11647.04	1050.44
11657.15	1050.84
11667.26	1051.22
11677.37	1051.64
11687.48	1051.92
11697.59	1052.67
11707.7	1053.41
11717.81	1053.75
11727.92	1054.21
11738.03	1054.93
11748.14	1055.74
11758.25	1056.19
11768.36	1057.07
11778.47	1057.62
11788.58	1058.03
11798.69	1058.38
11808.8	1058.56
11818.91	1058.96
11829.02	1059.52
11839.13	1060.02
11849.24	1060.76
11859.35	1061.46
11869.46	1062.12
11879.57	1062.51
11889.68	1063.01
11899.79	1063.62
11909.9	1063.97
11920.01	1064.34
11930.12	1065.17
11940.23	1065.66
11950.34	1066.25
11960.45	1066.91
11970.56	1067.35
11980.67	1067.89
11990.78	1068.48
12000.89	1068.73
12011	1069.19
12021.11	1069.86
12031.22	1070.41
12041.33	1071.02
12051.44	1071.4
12061.55	1071.89
12071.66	1072.29
12081.77	1073.22
12091.88	1074.01
12101.99	1074.27
12112.1	1074.86
12122.21	1075.47
12132.32	1076.16
12142.43	1076.35
12152.54	1076.65
12162.65	1077.17
12172.76	1077.87
12182.87	1078.37
12192.98	1078.91
12203.09	1079.59
12213.2	1080.13
12223.31	1080.96
12233.42	1081.35
12243.53	1081.67
12253.64	1082.36
12263.75	1083.09
12273.86	1083.49
12283.97	1083.91
12294.08	1084.42
12304.19	1084.93
12314.3	1085.5
12324.41	1085.98
12334.52	1086.61
12344.63	1087.18
12354.74	1087.54
12364.85	1087.98
12374.96	1088.58
12385.07	1089.2
12395.18	1089.95
12405.29	1090.4
12415.4	1090.89
12425.51	1091.26
12435.62	1092.01
12445.73	1092.35
12455.84	1092.67
12465.95	1093.57
12476.06	1094.15
12486.17	1094.61
12496.28	1095.14
12506.39	1095.76
12516.5	1096.26
12526.61	1096.82
12536.72	1097.27
12546.83	1098.04
12556.94	1098.31
12567.05	1098.76
12577.16	1099.39
12587.27	1099.78
12597.38	1100.28
12607.49	1100.86
12617.6	1101.41
12627.71	1101.97
12637.82	1102.51
12647.93	1102.95
12658.04	1103.3
12668.15	1104.13
12678.26	1104.75
12688.37	1105.27
12698.48	1105.78
12708.59	1106.1
12718.7	1106.56
12728.81	1106.83
12738.92	1107.54
12749.03	1108.2
12759.14	1108.52
12769.25	1109.05
12779.36	1110.14
12789.47	1110.6
12799.58	1111.07
12809.69	1111.4
12819.8	1112.07
12829.91	1112.57
12840.02	1113.16
12850.13	1113.7
12860.24	1114.03
12870.35	1114.51
12880.46	1115.2
12890.57	1115.8
12900.68	1116.36
12910.79	1116.9
12920.9	1117.14
12931.01	1117.45
12941.13	1117.95
12951.23	1118.68
12961.34	1119.24
12971.46	1119.97
12981.57	1120.51
12991.68	1121.04
13001.78	1121.54
13011.9	1121.95
13022.01	1122.38
13032.12	1123.04
13042.23	1123.44
13052.34	1124.11
13062.45	1124.58
13072.56	1125.17
13082.67	1125.59
13092.78	1126.15
13102.89	1126.6
13113	1127.11
13123.11	1127.49
13133.22	1127.99
13143.33	1128.38
13153.44	1129.18
13163.54	1129.88
13173.65	1130.43
13183.76	1130.92
13193.87	1131.35
13203.98	1131.88
13214.09	1132.24
13224.2	1132.71
13234.31	1133.31
13244.42	1133.73
13254.53	1134.43
13264.64	1134.77
13274.75	1135.35
13284.86	1135.97
13294.97	1136.39
13305.08	1136.97
13315.19	1137.57
13325.3	1138.22
13335.41	1138.72
13345.52	1139.3
13355.63	1139.87
13365.74	1140.36
13375.85	1140.85
13385.96	1141.1
13396.07	1141.61
13406.18	1142.12
13416.29	1142.71
13426.4	1143.2
13436.51	1143.85
13446.62	1144.32
13456.73	1144.97
13466.84	1145.41
13476.95	1145.89
13487.06	1146.54
13497.17	1147.33
13507.28	1147.86
13517.4	1148.16
13527.5	1148.8
13537.62	1149.27
13547.72	1149.83
13557.83	1150.4
13567.95	1150.85
13578.05	1151.3
13588.17	1151.93
13598.27	1152.59
13608.38	1153.04
13618.49	1153.39
13628.6	1153.94
13638.71	1154.62
13648.82	1154.81
13658.93	1155.32
13669.04	1155.78
13679.15	1156.34
13689.26	1156.98
13699.37	1157.6
13709.49	1158.16
13719.59	1158.64
13729.7	1159.08
13739.81	1159.5
13749.92	1159.97
13760.03	1160.41
13770.14	1161.13
13780.26	1161.85
13790.36	1162.49
13800.47	1163.21
13810.58	1163.66
13820.69	1164.25
13830.81	1164.86
13840.91	1165.12
13851.03	1165.39
13861.13	1166.11
13871.24	1166.65
13881.35	1167.09
13891.46	1167.56
13901.58	1167.98
13911.68	1168.4
13921.8	1168.69
13931.9	1169.42
13942.02	1169.95
13952.13	1170.38
13962.24	1170.79
13972.35	1171.37
13982.46	1172.1
13992.57	1172.84
14002.68	1173.38
14012.79	1173.87
14022.9	1174.23
14033	1174.81
14043.11	1175.19
14053.22	1175.46
14063.33	1176.35
14073.44	1177.08
14083.55	1177.56
14093.66	1178.05
14103.77	1178.42
14113.88	1178.88
14123.99	1179.37
14134.1	1180.06
14144.21	1180.73
14154.32	1181.3
14164.44	1181.82
14174.54	1182.11
14184.65	1182.53
14194.76	1182.87
14204.87	1183.51
14214.99	1184
14225.09	1184.49
14235.21	1185.02
14245.32	1185.49
14255.43	1186.3
14265.54	1186.81
14275.65	1187.38
14285.76	1187.76
14295.87	1188.27
14305.98	1188.99
14316.09	1189.35
14326.2	1189.94
14336.31	1190.68
14346.42	1191.17
14356.53	1191.65
14366.64	1192.31
14376.75	1193.19
14386.86	1193.45
14396.97	1193.86
14407.08	1194.3
14417.19	1194.65
14427.3	1195.3
14437.41	1195.85
14447.52	1196.46
14457.63	1196.82
14467.74	1197.35
14477.85	1197.96
14487.95	1198.2
14498.07	1198.9
14508.17	1199.63
14518.28	1200.03
14528.39	1200.55
14538.5	1200.98
14548.61	1201.5
14558.72	1202.07
14568.83	1202.57
14578.94	1203.22
14589.05	1203.77
14599.16	1204.37
14609.27	1204.99
14619.38	1205.54
14629.49	1205.96
14639.6	1206.6
14649.71	1207.09
14659.82	1207.6
14669.94	1207.93
14680.04	1208.51
14690.15	1208.95
14700.26	1209.53
14710.37	1209.96
14720.48	1210.44
14730.59	1211.1
14740.71	1211.39
14750.81	1211.8
14760.93	1212.39
14771.03	1213.17
14781.14	1213.91
14791.26	1214.31
14801.36	1214.8
14811.47	1215.29
14821.58	1215.93
14831.69	1216.51
14841.8	1216.96
14851.91	1217.62
14862.03	1217.8
14872.13	1218.21
14882.25	1218.98
14892.35	1219.51
14902.47	1219.94
14912.58	1220.43
14922.69	1220.93
14932.8	1221.58
14942.9	1222.05
14953.02	1222.57
14963.13	1223.26
14973.24	1223.34
14983.35	1223.71
14993.46	1224.57
15003.57	1225.07
15013.68	1225.64
15023.79	1226.03
15033.9	1226.55
15044	1226.81
15054.12	1227.22
15064.22	1227.93
15074.34	1228.66
15084.44	1229.32
15094.56	1230.09
15104.67	1230.5
15114.78	1231.13
15124.89	1231.52
15135	1231.83
15145.11	1232.28
15155.22	1232.68
15165.33	1233.41
15175.44	1234.27
15185.55	1234.69
15195.66	1235.02
15205.77	1235.76
15215.88	1236.21
15225.99	1236.57
15236.1	1237.17
15246.21	1237.7
15256.32	1238.32
15266.43	1238.76
15276.54	1239.13
15286.65	1239.65
15296.76	1240.19
15306.87	1240.86
15316.98	1241.48
15327.09	1241.88
15337.2	1242.57
15347.31	1243.12
15357.42	1243.54
15367.53	1243.77
15377.64	1244.12
15387.75	1244.76
15397.86	1245.19
15407.97	1245.85
15418.08	1246.51
15428.19	1247.08
15438.3	1247.5
15448.41	1247.99
15458.52	1248.41
15468.63	1248.96
15478.74	1249.5
15488.85	1250.24
15498.96	1250.66
15509.07	1251.2
15519.18	1251.63
15529.29	1252.2
15539.41	1252.69
15549.52	1253.35
15559.63	1253.87
15569.74	1254.27
15579.85	1254.69
15589.96	1255.44
15600.07	1255.87
15610.18	1256.5
15620.29	1256.95
15630.4	1257.49
15640.51	1258.15
15650.62	1258.75
15660.72	1258.82
15670.83	1259.44
15680.94	1260.21
15691.05	1260.7
15701.16	1261.19
15711.27	1261.68
15721.38	1262.22
15731.49	1262.69
15741.6	1263.47
15751.71	1263.88
15761.82	1264.38
15771.93	1264.77
15782.04	1265.5
15792.15	1266.03
15802.26	1266.28
15812.37	1266.78
15822.48	1267.32
15832.59	1267.74
15842.7	1268.27
15852.81	1268.95
15862.92	1269.61
15873.14	1270.09
15883.25	1270.65
15893.36	1270.88
15903.47	1271.36
15913.59	1271.81
15923.69	1272.24
15933.8	1273.08
15944.01	1273.79
15954.12	1274.04
15964.23	1274.3
15974.34	1274.74
15984.45	1275.2
15994.56	1275.85
16004.67	1276.3
16014.78	1276.98
16024.89	1277.79
16035	1278.24
16045.11	1278.64
16055.22	1279.07
16065.33	1279.77
16075.44	1280.31
16085.55	1280.47
16095.66	1280.9
16105.78	1281.61
16115.88	1282.2
16126	1282.74
16136.11	1283.12
16146.22	1283.62
16156.33	1284.05
16166.44	1284.7
16176.55	1285.44
16186.66	1285.86
16196.76	1286.27
16206.87	1286.6
16216.98	1286.94
16227.1	1287.46
16237.21	1287.92
16247.32	1288.65
16257.43	1289.09
16267.54	1289.6
16277.65	1290.23
16287.75	1290.66
16297.86	1291.14
16307.97	1291.79
16318.08	1292.31
16328.19	1292.78
16338.3	1293.33
16348.41	1293.61
16358.52	1294.11
16368.63	1294.73
16378.74	1295.13
16388.85	1295.58
16398.96	1296.02
16409.07	1296.54
16419.19	1297.17
16429.29	1297.63
16439.4	1298.17
16449.51	1298.67
16459.62	1299.33
16469.74	1299.77
16479.84	1300.28
16489.96	1300.76
16500.07	1301.53
16510.18	1301.91
16520.29	1302.26
16530.4	1302.62
16540.51	1303.3
16550.62	1303.82
16560.73	1304.1
16570.84	1304.67
16580.95	1305.22
16591.06	1305.49
16601.17	1306.21
16611.28	1306.89
16621.39	1307.21
16631.5	1307.79
16641.61	1308.43
16651.72	1308.98
16661.83	1309.6
16671.94	1309.96
16682.05	1310.19
16692.16	1310.63
16702.27	1311.24
16712.38	1311.73
16722.49	1312.3
16732.6	1312.75
16742.71	1313.27
16752.82	1313.82
16762.93	1314.08
16773.04	1314.56
16783.15	1315.11
16793.26	1315.89
16803.37	1316.56
16813.48	1316.85
16823.59	1317.11
16833.7	1317.51
16843.81	1318.12
16853.92	1318.65
16864.03	1319.19
16874.14	1319.71
16884.25	1320.33
16894.36	1320.76
16904.47	1321.27
16914.58	1321.76
16924.69	1322.51
16934.8	1322.99
16944.91	1323.5
16955.02	1323.85
16965.13	1324.55
16975.24	1324.86
16985.35	1325.31
16995.46	1325.99
17005.57	1326.4
17015.68	1327.07
17025.79	1327.6
17035.9	1327.89
17046.01	1328.38
17056.12	1328.61
17066.23	1329.18
17076.34	1329.72
17086.45	1330.27
17096.56	1330.88
17106.67	1331.37
17116.78	1331.81
17126.89	1332.38
17137	1332.91
17147.11	1333.3
17157.22	1333.84
17167.33	1334.21
17177.45	1334.65
17187.56	1335.28
17197.67	1336.01
17207.78	1336.4
17217.89	1337.07
17228	1337.48
17238.11	1337.86
17248.22	1338.51
17258.33	1338.99
17268.44	1339.49
17278.55	1340.03
17288.66	1340.49
17298.77	1341.19
17308.88	1341.65
17318.99	1342.04
17329.1	1342.5
17339.21	1342.78
17349.32	1343.38
17359.43	1343.89
17369.54	1344.34
17379.65	1344.84
17389.76	1345.44
17399.87	1345.98
17409.98	1346.31
17420.09	1346.93
17430.2	1347.49
17440.31	1347.91
17450.42	1348.39
17460.53	1349.07
17470.64	1349.54
17480.75	1349.96
17490.86	1350.42
17500.97	1350.89
17511.08	1351.21
17521.19	1351.69
17531.3	1352.2
17541.41	1352.8
17551.52	1353.28
17561.63	1353.92
17571.74	1354.48
17581.85	1354.83
17591.96	1355.14
17602.07	1355.72
17612.18	1356.24
17622.29	1356.95
17632.4	1357.22
17642.51	1357.83
17652.62	1358.32
17662.73	1358.93
17672.84	1359.52
17682.95	1359.85
17693.06	1360.41
17703.17	1360.84
17713.28	1361.59
17723.39	1361.9
17733.5	1362.44
17743.61	1362.8
17753.72	1363.34
17763.83	1363.96
17773.94	1364.56
17784.05	1365.03
17794.16	1365.51
17804.27	1366.06
17814.38	1366.62
17824.49	1367.09
17834.6	1367.55
17844.71	1368.11
17854.82	1368.78
17864.93	1369.23
17875.04	1369.62
17885.15	1370.01
17895.26	1370.7
17905.37	1371.17
17915.48	1371.8
17925.59	1372.15
17935.7	1372.52
17945.81	1373.09
17955.92	1373.58
17966.03	1374.12
17976.14	1374.62
17986.25	1375.07
17996.36	1375.67
18006.47	1376.2
18016.58	1376.88
18026.69	1377.26
18036.8	1377.66
18046.91	1378.15
18057.02	1378.65
18067.13	1379.14
18077.24	1379.7
18087.35	1380.25
18097.46	1380.67
18107.57	1381.18
18117.68	1381.73
18127.79	1382.21
18137.9	1382.71
18148.01	1383.25
18158.13	1383.88
18168.24	1384.37
18178.35	1384.84
18188.46	1385.56
18198.56	1385.97
18208.68	1386.31
18218.79	1386.7
18228.9	1387.2
18239.01	1387.89
18249.12	1388.37
18259.23	1388.69
18269.34	1389.29
18279.45	1389.75
18289.56	1390.25
18299.67	1390.78
18309.78	1391.33
18319.89	1391.81
18330	1392.31
18340.11	1392.89
18350.22	1393.34
18360.33	1393.89
18370.44	1394.46
18380.55	1394.96
18390.66	1395.52
18400.77	1395.96
18410.88	1396.47
18420.99	1397.24
18431.1	1397.6
18441.21	1398.31
18451.32	1398.67
18461.43	1399.1
18471.54	1399.77
18481.65	1400.24
18491.76	1400.81
18501.87	1401.29
18511.98	1401.87
18522.09	1402.28
18532.2	1402.84
18542.31	1403.44
18552.42	1403.87
18562.53	1404.42
18572.64	1404.94
18582.75	1405.38
18592.86	1405.83
18602.97	1406.26
18613.08	1406.8
18623.19	1407.39
18633.3	1407.9
18643.41	1408.49
18653.52	1409.03
18663.63	1409.6
18673.74	1410.15
18683.85	1410.52
18693.96	1411.08
18704.07	1411.49
18714.18	1412.03
18724.29	1412.5
18734.4	1413.14
18744.51	1413.61
18754.62	1414.25
18764.73	1414.71
18774.84	1415.3
18784.95	1415.85
18795.06	1416.34
18805.17	1416.75
18815.28	1417.24
18825.39	1417.8
18835.5	1418.39
18845.61	1418.99
18855.72	1419.4
18865.83	1420.06
18875.94	1420.59
18886.05	1421.18
18896.16	1421.66
18906.27	1422.3
18916.38	1422.67
18926.49	1423.19
18936.6	1423.76
18946.71	1424.23
18956.82	1424.73
18966.93	1425.04
18977.04	1425.67
18987.15	1426.32
18997.26	1426.85
19007.37	1427.31
19017.48	1427.75
19027.59	1428.23
19037.7	1428.94
19047.81	1429.41
19057.92	1429.96
19068.03	1430.45
19078.14	1431
19088.25	1431.64
19098.36	1432.15
19108.47	1432.68
19118.58	1433.28
19128.69	1433.65
19138.8	1434.24
19148.91	1434.71
19159.02	1435.28
19169.13	1435.7
19179.24	1436.22
19189.35	1436.71
19199.46	1437.2
19209.57	1437.81
19219.68	1438.27
19229.79	1438.86
19239.9	1439.4
19250.01	1439.9
19261.23	1440.47
19271.34	1441.04
19281.45	1441.56
19291.56	1442.15
19301.67	1442.67
19311.78	1443.12
19321.89	1443.69
19331.99	1444.21
19342.1	1444.76
19352.21	1445.38
19362.32	1445.93
19372.43	1446.49
19382.54	1446.93
19392.65	1447.57
19402.75	1447.67
19412.86	1448.14
19422.97	1449.03
19433.08	1449.16
19443.19	1449.66
19453.3	1450.27
19463.41	1450.78
19473.51	1451.26
19483.62	1451.76
19493.73	1452.21
19503.84	1452.8
19513.95	1452.88
19524.06	1452.98
19534.17	1453.24
19544.28	1453.6
19554.39	1453.81
19564.5	1454.17
19574.6	1454.36
19584.71	1454.39
19594.82	1454.65
19604.93	1454.95
19615.04	1455.15
19625.15	1455.32
19635.25	1455.44
19645.36	1455.53
19655.47	1455.75
19665.58	1455.9
19675.69	1456.01
19685.8	1456.09
19695.91	1456.26
19706.02	1456.36
19716.12	1456.57
19726.23	1456.63
19736.34	1456.73
19746.45	1457.04
19756.56	1457.02
19766.67	1456.99
19776.78	1457.12
19786.89	1457.2
19797	1457.24
19807.1	1457.27
19817.21	1457.42
19827.32	1457.44
19837.43	1457.42
19847.54	1457.49
19857.65	1457.51
19867.76	1457.55
19877.87	1457.69
19887.98	1457.59
19898.09	1457.63
19908.2	1457.71
19918.31	1457.74
19928.42	1457.66
19938.53	1457.72
19948.64	1457.84
19958.74	1457.91
19968.85	1457.93
19978.96	1457.96
19989.07	1457.9
19999.18	1457.85
20009.29	1457.79
20019.4	1457.85
20029.5	1457.88
20039.61	1457.85
20049.72	1457.81
20059.83	1457.74
20069.94	1457.72
20080.04	1457.81
20090.15	1457.65
20100.26	1457.34
20110.37	1457.08
20120.49	1456.8
20130.6	1456.59
20140.71	1456.3
20150.82	1455.95
20160.93	1455.56
20171.04	1455.15
20181.15	1454.78
20191.26	1454.38
20201.37	1453.98
20211.48	1453.5
20221.59	1453.17
20231.7	1452.72
20241.81	1452.31
20251.92	1451.78
20262.03	1451.28
20272.14	1450.89
20282.25	1450.33
20292.36	1449.87
20302.47	1449.44
20312.58	1448.9
20322.69	1448.33
20332.8	1447.74
20342.92	1447.21
20353.03	1446.59
20363.14	1446.11
20373.25	1445.59
20383.36	1445.03
20393.47	1444.44
20403.58	1443.75
20413.69	1443.11
20423.8	1442.52
20433.91	1441.89
20444.02	1441.16
20454.13	1440.53
20464.24	1440.04
20474.35	1439.4
20484.46	1438.73
20494.57	1438.16
20504.68	1437.52
20514.79	1436.86
20524.9	1436.3
20535.01	1435.61
20545.12	1435
20555.23	1434.27
20565.34	1433.72
20575.45	1433.09
20585.56	1432.4
20595.67	1431.79
20605.78	1430.99
20615.89	1430.32
20626	1429.81
20636.11	1429.18
20646.22	1428.46
20656.33	1427.92
20666.44	1427.25
20676.55	1426.65
20686.66	1425.97
20696.77	1425.15
20706.88	1424.5
20716.99	1423.82
20727.1	1423.1
20737.21	1422.48
20747.32	1421.92
20757.43	1421.23
20767.54	1420.51
20777.65	1419.84
20787.76	1419.32
20797.87	1418.69
20807.99	1417.99
20818.1	1417.36
20828.21	1416.7
20838.32	1416.14
20848.43	1415.44
20858.54	1414.72
20868.65	1414.04
20878.76	1413.48
20888.87	1412.69
20898.98	1412.14
20909.09	1411.4
20919.2	1410.84
20929.31	1410.23
20939.42	1409.54
20949.53	1408.81
20959.64	1408.11
20969.75	1407.52
20979.86	1406.8
20989.97	1406.2
21000.09	1405.48
21010.2	1404.75
21020.31	1404.01
21030.42	1403.42
21040.53	1402.92
21050.64	1402.28
21060.75	1401.83
21070.86	1401.22
21080.97	1400.47
21091.08	1399.79
21101.19	1399.07
21111.3	1398.42
21121.41	1397.83
21131.52	1397.08
21141.63	1396.59
21151.74	1395.86
21161.85	1395.18
21171.96	1394.55
21182.07	1393.77
21192.18	1393.3
21202.29	1392.69
21212.4	1391.96
21222.51	1391.36
21232.62	1390.67
21242.74	1389.97
21252.84	1389.4
21262.96	1388.71
21273.06	1388.23
21283.17	1387.52
21293.29	1386.89
21303.4	1386.08
21313.51	1385.48
21323.62	1384.95
21333.73	1384.41
21343.84	1383.84
21353.95	1383.09
21364.06	1382.46
21374.17	1381.81
21384.28	1381.26
21394.39	1380.63
21404.5	1380.06
21414.61	1379.33
21424.72	1378.72
21434.83	1378.08
21444.94	1377.46
21455.05	1376.79
21465.16	1376.17
21475.27	1375.43
21485.38	1374.67
21495.49	1374.21
21505.61	1373.65
21515.72	1372.99
21525.83	1372.29
21535.94	1371.69
21546.04	1371.19
21556.15	1370.72
21566.26	1370.01
21576.38	1369.21
21586.49	1368.73
21596.6	1368.1
21606.71	1367.43
21616.82	1366.77
21626.93	1366.3
21637.04	1365.69
21647.15	1365.01
21657.26	1364.31
21667.37	1363.74
21677.48	1363.13
21687.59	1362.31
21697.7	1361.77
21707.81	1361.11
21717.92	1360.35
21728.03	1359.69
21738.14	1359.13
21748.25	1358.69
21758.36	1358.02
21768.47	1357.38
21778.58	1356.8
21788.69	1356.04
21798.8	1355.39
21808.91	1354.92
21819.03	1354.14
21829.14	1353.56
21839.25	1353.01
21849.36	1352.24
21859.47	1351.63
21869.58	1350.94
21879.69	1350.22
21889.8	1349.72
21899.91	1349.06
21910.02	1348.36
21920.13	1347.78
21930.24	1347.14
21940.35	1346.51
21950.46	1345.87
21960.58	1345.3
21970.69	1344.69
21980.8	1343.9
21990.91	1343.32
22001.02	1342.67
22011.13	1341.97
22021.24	1341.46
22031.35	1340.92
22041.46	1340.28
22051.57	1339.6
22061.68	1339
22071.79	1338.44
22081.9	1337.91
22092.01	1337.35
22102.12	1336.65
22112.23	1335.92
22122.34	1335.26
22132.45	1334.67
22142.56	1334.05
22152.67	1333.47
22162.78	1332.78
22172.89	1332.01
22183	1331.54
22193.11	1330.94
22203.22	1330.27
22213.33	1329.63
22223.44	1328.95
22233.55	1328.33
22243.66	1327.61
22253.77	1327
22263.88	1326.49
22273.99	1325.72
22284.1	1325.11
22294.21	1324.65
22304.33	1324.1
22314.44	1323.57
22324.55	1322.92
22334.66	1322.18
22344.77	1321.66
22354.88	1321.1
22364.99	1320.53
22375.1	1319.91
22385.21	1319.15
22395.32	1318.65
22405.43	1318.03
22415.54	1317.39
22425.65	1316.8
22435.76	1316.14
22445.87	1315.6
22455.98	1314.91
22466.09	1314.22
22476.2	1313.57
22486.31	1313.16
22496.42	1312.57
22506.53	1311.89
22516.64	1311.24
22526.75	1310.64
22536.86	1310.01
22546.97	1309.42
22557.08	1308.77
22567.19	1308.26
22577.3	1307.51
22587.41	1306.92
22597.52	1306.36
22607.63	1305.72
22617.74	1305.05
22627.85	1304.61
22637.96	1304.04
22648.07	1303.29
22658.18	1302.45
22668.29	1301.75
22678.4	1301.02
22688.51	1300.56
22698.62	1300.03
22708.73	1299.59
22718.84	1298.96
22728.96	1298.44
22739.07	1297.8
22749.18	1297.15
22759.29	1296.4
22769.4	1295.95
22779.51	1295.2
22789.62	1294.61
22799.73	1294.11
22809.84	1293.42
22819.95	1292.77
22830.06	1292.16
22840.17	1291.38
22850.28	1290.91
22860.39	1290.21
22870.5	1289.55
22880.61	1288.84
22890.72	1288.16
22900.83	1287.63
22910.94	1287.1
22921.05	1286.44
22931.16	1285.75
22941.27	1285.15
22951.38	1284.58
22961.49	1283.95
22971.6	1283.36
22981.71	1282.8
22991.82	1282.11
23001.93	1281.61
23012.04	1281.08
23022.15	1280.33
23032.27	1279.74
23042.38	1279.15
23052.49	1278.48
23062.6	1277.79
23072.71	1277.19
23082.82	1276.58
23092.93	1275.96
23103.04	1275.43
23113.15	1274.84
23123.26	1274.31
23133.37	1273.67
23143.48	1272.83
23153.59	1272.29
23163.7	1271.83
23173.81	1271.05
23183.92	1270.3
23194.03	1269.69
23204.14	1269.13
23214.25	1268.47
23224.36	1267.91
23234.47	1267.46
23244.58	1266.71
23254.69	1266.01
23264.8	1265.52
23274.91	1265.01
23285.03	1264.5
23295.14	1263.85
23305.25	1263.26
23315.36	1262.58
23325.47	1262.15
23335.58	1261.31
23345.69	1260.48
23355.8	1259.85
23365.91	1259.38
23376.02	1258.57
23386.13	1257.81
23396.24	1257.24
23406.35	1256.69
23416.46	1255.89
23426.57	1255.37
23436.69	1254.93
23446.8	1254.36
23456.91	1253.66
23467.02	1253.14
23477.13	1252.56
23487.24	1251.98
23497.35	1251.44
23507.46	1250.76
23517.57	1250.02
23527.68	1249.3
23537.79	1248.8
23547.9	1248.09
23558.01	1247.38
23568.12	1246.81
23578.23	1246.18
23588.34	1245.56
23598.45	1244.95
23608.56	1244.32
23618.67	1243.78
23628.78	1243.24
23638.89	1242.54
23649	1241.82
23659.11	1241.28
23669.22	1240.76
23679.33	1240.12
23689.45	1239.31
23699.56	1238.57
23709.66	1238.22
23719.77	1237.45
23729.88	1236.65
23740	1236.09
23750.11	1235.66
23760.22	1235.42
23770.33	1234.76
23780.44	1233.85
23790.55	1233.18
23800.66	1232.91
23810.77	1232.43
23820.88	1231.73
23830.99	1230.81
23841.1	1230.38
23851.21	1229.67
23861.32	1228.93
23871.43	1228.2
23881.54	1227.67
23891.65	1227.22
23901.76	1226.46
23911.87	1225.78
23921.98	1225.14
23932.09	1224.52
23942.2	1224
23952.31	1223.64
23962.42	1222.92
23972.53	1222
23982.64	1221.3
23992.75	1220.74
24002.86	1219.95
24012.97	1219.4
24023.09	1218.93
24033.19	1218.55
24043.3	1217.89
24053.41	1217.24
24063.52	1216.46
24073.63	1215.75
24083.74	1215.24
24093.86	1214.47
24103.96	1213.93
24114.07	1213.27
24124.18	1212.54
24134.29	1211.77
24144.4	1211.09
24154.51	1210.59
24164.62	1210.05
24174.73	1209.49
24184.84	1208.58
24194.96	1207.92
24205.07	1207.49
24215.18	1207.05
24225.28	1206.46
24235.39	1205.7
24245.5	1205.12
24255.61	1204.48
24265.72	1203.68
24275.83	1203.11
24285.94	1202.63
24296.05	1201.98
24306.16	1201.18
24316.27	1200.45
24326.38	1199.93
24336.49	1199.48
24346.6	1199.07
24356.72	1198.32
24366.82	1197.65
24376.93	1197.1
24387.05	1196.5
24397.15	1195.89
24407.27	1195.45
24417.37	1194.71
24427.48	1193.97
24437.59	1193.3
24447.7	1192.55
24457.81	1191.86
24467.92	1191.21
24478.03	1190.68
24488.14	1190.3
24498.25	1189.73
24508.36	1188.96
24518.47	1188.35
24528.58	1187.72
24538.69	1186.98
24548.8	1186.5
24558.91	1185.69
24569.02	1185.14
24579.13	1184.42
24589.24	1183.8
24599.35	1183.28
24609.46	1182.76
24619.58	1182.08
24629.68	1181.56
24639.79	1181.03
24649.9	1180.45
24660.01	1179.84
24670.13	1179.2
24680.23	1178.48
24690.35	1177.77
24700.46	1177.29
24710.57	1176.66
24720.68	1176.09
24730.79	1175.63
24740.9	1174.9
24751.01	1174
24761.12	1173.6
24771.23	1172.95
24781.34	1172.08
24791.45	1171.28
24801.56	1170.54
24811.67	1170.14
24821.78	1169.69
24831.89	1169.11
24842	1168.28
24852.11	1167.57
24862.22	1166.8
24872.33	1166.23
24882.44	1165.68
24892.55	1164.95
24902.66	1164.3
24912.77	1163.73
24922.88	1163.02
24932.99	1162.45
24943.1	1162.05
24953.21	1161.32
24963.32	1160.91
24973.43	1160.32
24983.54	1159.54
24993.65	1158.94
25003.77	1158.29
25013.87	1157.68
25023.98	1156.88
25034.1	1156.11
25044.21	1155.35
25054.32	1154.79
25064.43	1154.1
25074.54	1153.67
25084.65	1152.94
25094.76	1152.11
25104.87	1151.67
25114.98	1151.28
25125.09	1150.5
25135.2	1149.76
25145.31	1149.37
25155.42	1148.55
25165.53	1147.98
25175.64	1147.14
25185.75	1146.59
25195.86	1146.1
25205.97	1145.46
25216.08	1144.89
25226.19	1144.14
25236.3	1143.64
25246.41	1142.94
25256.52	1142.46
25266.63	1141.92
25276.74	1140.86
25286.85	1140.09
25296.96	1139.62
25307.07	1138.96
25317.19	1138.33
25327.3	1137.97
25337.41	1137.23
25347.52	1136.44
25357.63	1135.74
25367.74	1135.17
25377.85	1134.48
25387.96	1134.04
25398.07	1133.34
25408.18	1132.49
25418.29	1131.84
25428.4	1131.22
25438.51	1130.78
25448.62	1130.14
25458.73	1129.3
25468.84	1128.67
25478.95	1128.04
25489.06	1127.49
25499.17	1126.9
25509.28	1126.34
25519.39	1125.64
25529.5	1124.93
25539.61	1124.28
25549.72	1123.53
25559.83	1123.1
25569.94	1122.73
25580.05	1122.21
25590.16	1121.28
25600.27	1120.55
25610.38	1120
25620.49	1119.46
25630.6	1118.65
25640.71	1117.97
25650.82	1117.37
25660.93	1117.03
25671.04	1116.32
25681.15	1115.68
25691.26	1115.02
25701.37	1114.24
25711.48	1113.7
25721.59	1113.17
25731.7	1112.17
25741.81	1111.46
25751.92	1110.73
25762.03	1109.93
25772.14	1109.41
25782.25	1108.68
25792.36	1108.38
25802.47	1107.92
25812.58	1107.08
25822.69	1106.23
25832.8	1105.73
25842.91	1104.99
25853.02	1104.42
25863.13	1104.03
25873.24	1103.38
25883.35	1102.66
25893.46	1101.87
25903.57	1101.06
25913.68	1100.56
25923.79	1099.94
25933.9	1099.38
25944.01	1098.89
25954.12	1098.26
25964.24	1097.78
25974.34	1097.04
25984.45	1096.19
25994.56	1095.46
26004.67	1094.79
26014.79	1094.08
26024.9	1093.4
26035.01	1092.89
26045.12	1092.32
26055.23	1091.77
26065.34	1091.02
26075.45	1090.16
26085.56	1089.42
26095.67	1088.72
26105.78	1088.32
26115.89	1087.77
26126	1087.22
26136.11	1086.5
26146.22	1085.85
26156.33	1085.34
26166.44	1084.78
26176.55	1083.92
26186.67	1083.1
26196.78	1082.61
26206.89	1082.03
26217	1081.46
26227.11	1080.51
26237.22	1079.72
26247.33	1079.28
26257.44	1078.68
26267.55	1077.92
26277.66	1077.33
26287.77	1076.88
26297.88	1076.53
26307.99	1075.82
26318.1	1075.13
26328.21	1074.58
26338.32	1074.02
26348.43	1073.53
26358.54	1072.59
26368.65	1072.05
26378.76	1071.62
26388.87	1071
26398.98	1070.35
26409.09	1069.4
26419.2	1068.64
26429.31	1068.03
26439.42	1067.59
26449.53	1066.93
26459.64	1066.31
26469.75	1065.59
26479.86	1064.73
26489.98	1064.03
26500.08	1063.42
26510.2	1062.53
26520.31	1061.8
26530.42	1061.34
26540.53	1060.73
26550.64	1060.24
26560.75	1059.73
26570.86	1059.04
26580.97	1058.42
26591.08	1057.59
26601.19	1056.75
26611.3	1056.11
26621.41	1055.73
26631.52	1055.44
26641.63	1054.78
26651.74	1053.89
26661.85	1053.12
26671.96	1052.48
26682.07	1051.85
26692.18	1051.04
26702.29	1050.53
26712.4	1049.99
26722.51	1049.24
26732.62	1048.42
26742.73	1047.76
26752.84	1047.25
26762.95	1046.82
26773.06	1046.07
26783.17	1045.41
26793.28	1044.99
26803.4	1044.39
26813.5	1043.51
26823.61	1042.86
26833.73	1042.22
26843.84	1041.49
26853.94	1040.81
26864.05	1040.27
26874.17	1039.77
26884.28	1039.04
26894.39	1038.14
26904.5	1037.46
26914.61	1036.86
26924.72	1036.34
26934.83	1035.67
26944.94	1035.03
26955.05	1034.44
26965.16	1033.74
26975.27	1032.87
26985.38	1032.48
26995.49	1032.1
27005.6	1031.36
27015.71	1030.53
27025.82	1029.78
27035.93	1029.16
27046.04	1028.44
27056.15	1027.61
27066.27	1026.98
27076.37	1026.61
27086.49	1025.91
27096.6	1025.24
27106.71	1024.8
27116.82	1024.19
27126.93	1023.52
27137.04	1022.72
27147.15	1022.12
27157.26	1021.53
27167.37	1020.89
27177.48	1020.28
27187.59	1019.78
27197.7	1019.17
27207.81	1018.51
27217.92	1017.8
27228.03	1017.3
27238.14	1016.5
27248.25	1015.73
27258.36	1015.07
27268.47	1014.57
27278.58	1013.91
27288.69	1013.28
27298.8	1012.69
27308.91	1012.01
27319.02	1011.18
27329.13	1010.52
27339.24	1009.68
27349.35	1009.18
27359.46	1008.74
27369.57	1008.16
27379.68	1007.47
27389.79	1006.77
27399.9	1006.14
27410.01	1005.53
27420.12	1004.76
27430.24	1004.18
27440.35	1003.54
27450.46	1002.93
27460.56	1002.38
27470.68	1001.92
27480.79	1001.17
27490.9	1000.36
27501.01	999.59
27511.12	999.02
27521.23	998.42
27531.34	997.81
27541.45	997.24
27551.56	996.6
27561.67	995.95
27571.78	995.43
27581.89	994.94
27592	994.39
27602.11	993.68
27612.22	992.9
27622.33	992.09
27632.44	991.39
27642.55	990.67
27652.66	990.23
27662.77	989.52
27672.88	988.86
27682.99	988.13
27693.1	987.46
27703.21	986.75
27713.33	985.94
27723.43	985.19
27733.54	984.53
27743.65	983.82
27753.76	983.06
27763.87	982.28
27773.98	981.75
27784.09	981.28
27794.2	980.69
27804.31	980
27814.42	979.37
27824.53	978.89
27834.65	978.41
27844.75	977.72
27854.86	976.99
27864.97	976.45
27875.08	975.79
27885.19	975.04
27895.3	974.35
27905.41	973.76
27915.52	973.14
27925.63	972.36
27935.74	971.75
27945.85	971.04
27955.96	970.51
27966.07	969.88
27976.18	969.25
27986.29	968.61
27996.4	967.7
28006.51	966.85
28016.62	966.46
28026.74	965.99
28036.84	965.3
28046.96	964.77
28057.06	964.19
28067.18	963.59
28077.29	962.82
28087.4	962.18
28097.51	961.56
28107.61	960.55
28117.72	959.7
28127.83	959.03
28137.95	958.57
28148.06	957.95
28158.17	957.32
28168.28	956.77
28178.39	956.24
28188.5	955.67
28198.61	954.94
28208.72	954.27
28218.83	953.55
28228.94	952.77
28239.05	952.22
28249.16	951.64
28259.27	951.03
28269.38	950.39
28279.49	949.84
28289.61	949.18
28299.72	948.39
28309.83	947.86
28319.94	947.36
28330.05	946.69
28340.16	945.88
28350.27	945.18
28360.38	944.59
28370.49	944
28380.6	943.34
28390.71	942.55
28400.82	941.76
28410.93	941.05
28421.04	940.46
28431.15	940.07
28441.26	939.59
28451.37	938.96
28461.48	938.29
28471.59	937.65
28481.71	936.81
28491.81	936.13
28501.93	935.49
28512.04	934.74
28522.15	934.06
28532.26	933.5
28542.37	932.78
28552.48	932.03
28562.59	931.26
28572.7	930.64
28582.81	930.13
28592.92	929.76
28603.03	929.31
28613.14	928.67
28623.25	928.02
28633.36	927.23
28643.47	926.44
28653.58	925.58
28663.69	924.78
28673.8	924.24
28683.91	923.7
28694.02	923.1
28704.13	922.45
28714.24	921.82
28724.35	921.15
28734.46	920.52
28744.57	919.92
28754.68	919.27
28764.79	918.66
28774.9	917.96
28785.01	917.34
28795.12	916.66
28805.23	916.05
28815.34	915.55
28825.45	914.94
28835.56	914.24
28845.67	913.54
28855.78	912.79
28865.89	912.13
28876	911.49
28886.11	910.8
28896.22	910.07
28906.33	909.29
28916.44	908.51
28926.55	907.75
28936.66	907.17
28946.77	906.68
28956.88	906.06
28966.99	905.38
28977.1	904.71
28987.21	904.05
28997.32	903.34
29007.43	902.69
29017.54	901.97
29027.65	901.22
29037.76	900.59
29047.87	900.06
29057.98	899.62
29068.09	899
29078.2	898.18
29088.31	897.48
29098.42	896.84
29108.53	896.28
29118.64	895.73
29128.75	895.14
29138.86	894.54
29148.97	893.92
29159.08	893.25
29169.19	892.57
29179.3	891.95
29189.41	891.31
29199.53	890.67
29209.63	889.99
29219.74	889.35
29229.85	888.7
29239.96	888.04
29250.08	887.28
29260.18	886.57
29270.29	886.01
29280.4	885.44
29290.51	884.78
29300.62	884.07
29310.73	883.45
29320.84	882.84
29330.95	882.14
29341.06	881.45
29351.17	880.7
29361.28	879.91
29371.39	879.15
29381.5	878.61
29391.61	878.02
29401.72	877.32
29411.83	876.58
29421.94	875.98
29432.05	875.42
29442.16	874.77
29452.27	873.97
29462.39	873.13
29472.49	872.4
29482.6	871.93
29492.71	871.45
29502.82	870.76
29512.94	870.09
29523.05	869.49
29533.16	868.98
29543.27	868.45
29553.38	867.82
29563.49	867.12
29573.6	866.48
29583.71	865.75
29593.82	864.99
29603.93	864.31
29614.04	863.68
29624.15	862.96
29634.26	862.24
29644.37	861.66
29654.48	861.1
29664.59	860.43
29674.7	859.67
29684.81	858.92
29694.92	858.26
29705.03	857.71
29715.14	857.21
29725.26	856.72
29735.36	856
29745.48	855.28
29755.59	854.41
29765.7	853.69
29775.81	853.11
29785.92	852.43
29796.03	851.85
29806.14	851.21
29816.25	850.67
29826.36	850.03
29836.47	849.34
29846.58	848.76
29856.69	848.18
29866.8	847.49
29876.91	846.79
29887.02	846.01
29897.13	845.31
29907.24	844.53
29917.36	843.84
29927.47	843.12
29937.58	842.38
29947.69	841.75
29957.8	841.08
29967.91	840.43
29978.02	839.85
29988.13	839.23
29998.24	838.55
30008.35	838.06
30018.46	837.48
30028.57	836.77
30038.68	836.04
30048.79	835.37
30058.9	834.59
30069.01	833.81
30079.12	833.18
30089.23	832.8
30099.34	832.24
30109.45	831.58
30119.56	830.83
30129.67	830.04
30139.78	829.4
30149.89	828.81
30160	828.1
30170.11	827.42
30180.22	826.7
30190.33	825.97
30200.44	825.28
30210.55	824.72
30220.66	824.23
30230.77	823.67
30240.88	823.12
30250.99	822.48
30261.1	821.77
30271.21	821.07
30281.32	820.31
30291.43	819.67
30301.54	819.06
30311.65	818.46
30321.76	817.72
30331.87	817.02
30341.98	816.36
30352.09	815.69
30362.2	815.05
30372.31	814.44
30382.42	813.79
30392.53	813.11
30402.64	812.51
30412.75	811.89
30422.86	811.29
30432.97	810.51
30443.08	809.69
30453.19	808.97
30463.3	808.39
30473.41	807.86
30483.52	807.16
30493.63	806.51
30503.74	805.89
30513.85	805.27
30523.96	804.64
30534.07	804.02
30544.18	803.31
30554.29	802.5
30564.4	801.69
30574.51	800.97
30584.62	800.3
30594.73	799.72
30604.84	799.13
30614.95	798.5
30625.06	797.86
30635.17	797.08
30645.28	796.32
30655.39	795.54
30665.5	794.82
30675.61	794.21
30685.73	793.61
30695.83	793.1
30705.95	792.57
30716.05	791.86
30726.16	791.15
30736.28	790.39
30746.38	789.64
30756.5	788.94
30766.6	788.3
30776.71	787.8
30786.82	787.33
30796.93	786.89
30807.05	786.35
30817.15	785.64
30827.27	784.89
30837.37	784.16
30847.48	783.46
30857.6	782.8
30867.71	782.18
30877.82	781.52
30887.93	780.84
30898.04	780.17
30908.15	779.51
30918.26	778.85
30928.37	778.22
30938.47	777.54
30948.59	776.81
30958.69	776.08
30968.8	775.31
30978.91	774.59
30989.02	773.94
30999.13	773.26
31009.24	772.67
31019.36	772.11
31029.46	771.5
31039.57	770.86
31049.68	770.13
31059.79	769.33
31069.9	768.67
31080.01	768.05
31090.13	767.41
31100.23	766.67
31110.34	765.9
31120.45	765.2
31130.56	764.55
31140.68	763.91
31150.78	763.33
31160.89	762.66
31171	762.01
31181.11	761.35
31191.22	760.69
31201.33	760.06
31211.44	759.42
31221.55	758.77
31231.66	758.08
31241.77	757.47
31251.88	756.84
31261.99	756.33
31272.1	755.73
31282.21	755.01
31292.32	754.28
31302.43	753.64
31312.54	753
31322.65	752.27
31332.77	751.49
31342.87	750.79
31352.98	750.16
31363.09	749.52
31373.21	748.83
31383.32	748.25
31393.43	747.59
31403.54	746.9
31413.64	746.2
31423.75	745.45
31433.86	744.71
31443.97	744.11
31454.08	743.5
31464.19	742.79
31474.3	742.04
31484.41	741.38
31494.52	740.81
31504.64	740.1
31514.75	739.45
31524.86	738.82
31534.96	738.2
31545.07	737.64
31555.18	737.01
31565.29	736.3
31575.4	735.53
31585.51	734.7
31595.62	733.97
31605.73	733.33
31615.84	732.73
31625.95	732.13
31636.06	731.47
31646.18	730.86
31656.29	730.22
31666.39	729.59
31676.5	728.95
31686.61	728.33
31696.72	727.67
31706.83	726.97
31716.95	726.29
31727.05	725.62
31737.17	724.99
31747.27	724.39
31757.38	723.79
31767.49	723.18
31777.6	722.5
31787.71	721.82
31797.82	721.12
31807.93	720.49
31818.04	719.87
31828.15	719.2
31838.26	718.49
31848.37	717.84
31858.48	717.22
31868.59	716.59
31878.7	716.05
31888.81	715.51
31898.92	714.91
31909.03	714.25
31919.14	713.61
31929.25	712.81
31939.36	712.17
31949.47	711.47
31959.58	710.77
31969.69	710.09
31979.8	709.39
31989.91	708.68
32000.02	707.95
32010.13	707.26
32020.24	706.59
32030.35	705.93
32040.46	705.24
32050.57	704.51
32060.68	703.84
32070.79	703.21
32080.9	702.6
32091.01	702.02
32101.12	701.41
32111.23	700.76
32121.34	700.15
32131.45	699.52
32141.56	698.86
32151.67	698.22
32161.79	697.6
32171.9	696.92
32182	696.25
32192.12	695.61
32202.22	694.93
32212.34	694.22
32222.45	693.51
32232.55	692.82
32242.67	692.18
32252.77	691.47
32262.88	690.83
32272.99	690.11
32283.1	689.47
32293.21	688.84
32303.32	688.21
32313.43	687.56
32323.54	686.87
32333.65	686.23
32343.76	685.54
32353.87	684.89
32363.98	684.25
32374.09	683.66
32384.2	683.02
32394.31	682.32
32404.42	681.67
32414.53	681.03
32424.64	680.37
32434.75	679.7
32444.86	679.06
32454.97	678.36
32465.08	677.76
32475.19	677.1
32485.3	676.37
32495.41	675.7
32505.52	675.05
32515.63	674.38
32525.74	673.76
32535.85	673.14
32545.96	672.49
32556.07	671.8
32566.18	671.15
32576.29	670.49
32586.4	669.85
32596.51	669.21
32606.62	668.51
32616.73	667.84
32626.84	667.11
32636.95	666.41
32647.06	665.73
32657.17	665.05
32667.28	664.35
32677.39	663.68
32687.5	662.98
32697.61	662.36
32707.72	661.75
32717.83	661.12
32727.94	660.48
32738.05	659.78
32748.16	659.16
32758.27	658.56
32768.38	657.97
32778.49	657.26
32788.6	656.55
32798.71	655.88
32808.82	655.24
32818.93	654.52
32829.04	653.85
32839.15	653.17
32849.26	652.44
32859.37	651.78
32869.48	651.17
32879.59	650.59
32889.7	649.93
32899.81	649.35
32909.92	648.73
32920.03	648.02
32930.14	647.4
32940.25	646.82
32950.36	646.21
32960.47	645.57
32970.58	644.87
32980.69	644.2
32990.8	643.57
33000.91	642.91
33011.02	642.32
33021.13	641.73
33031.24	641.07
33041.35	640.44
33051.46	639.84
33061.57	639.22
33071.68	638.51
33081.79	637.87
33091.9	637.23
33102.01	636.56
33112.12	635.95
33122.23	635.29
33132.34	634.63
33142.45	634.01
33152.56	633.34
33162.67	632.73
33172.78	632.08
33182.89	631.47
33193	630.85
33203.11	630.21
33213.22	629.56
33223.33	628.96
33233.44	628.27
33243.55	627.66
33253.66	627.01
33263.77	626.28
33273.88	625.62
33283.98	624.95
33294.09	624.23
33304.2	623.61
33314.31	622.99
33324.43	622.37
33334.54	621.72
33344.65	621.13
33354.75	620.46
33364.86	619.86
33374.97	619.24
33385.09	618.59
33395.2	617.89
33405.31	617.27
33415.42	616.65
33425.53	616.05
33435.64	615.38
33445.75	614.77
33455.86	614.16
33465.97	613.49
33476.08	612.85
33486.19	612.23
33496.3	611.59
33506.41	610.9
33516.52	610.27
33526.63	609.67
33536.74	608.99
33546.85	608.37
33556.96	607.75
33567.07	607.13
33577.18	606.44
33587.29	605.8
33597.4	605.17
33607.51	604.53
33617.62	603.91
33627.73	603.25
33637.84	602.62
33647.95	602
33658.06	601.38
33668.17	600.7
33678.28	600.09
33688.39	599.49
33698.5	598.89
33708.61	598.3
33718.72	597.63
33728.83	597.03
33738.94	596.43
33749.05	595.84
33759.16	595.26
33769.27	594.58
33779.38	593.97
33789.49	593.35
33799.6	592.72
33809.71	592.09
33819.82	591.43
33829.93	590.77
33840.04	590.05
33850.15	589.42
33860.26	588.79
33870.37	588.17
33880.48	587.57
33890.59	586.94
33900.7	586.25
33910.81	585.63
33920.92	584.97
33931.03	584.33
33941.14	583.72
33951.25	583.05
33961.36	582.44
33971.47	581.85
33981.58	581.22
33991.69	580.61
34001.8	579.97
34011.91	579.34
34022.02	578.61
34032.13	577.95
34042.24	577.29
34052.35	576.61
34062.46	575.9
34072.57	575.26
34082.68	574.67
34092.79	573.99
34102.9	573.38
34113.01	572.71
34123.12	571.99
34133.23	571.16
34143.34	570.36
34153.45	569.55
34163.56	568.74
34173.67	567.91
34183.78	567.11
34193.89	566.31
34204	565.5
34214.11	564.7
34224.22	563.86
34234.33	563.09
34244.44	562.31
34254.55	561.55
34264.66	560.81
34274.77	560.04
34284.88	559.31
34294.99	558.56
34305.1	557.75
34315.21	557.03
34325.32	556.31
34335.43	555.56
34345.54	554.85
34355.65	554.15
34365.76	553.43
34375.87	552.73
34385.98	552.02
34396.09	551.33
34406.2	550.55
34416.31	549.85
34426.42	549.16
34436.53	548.45
34446.64	547.78
34456.75	547.09
34466.86	546.4
34476.97	545.71
34487.08	545.04
34497.19	544.28
34507.3	543.61
34517.41	542.94
34527.52	542.25
34537.63	541.59
34547.74	540.93
34557.85	540.25
34567.96	539.57
34578.07	538.9
34588.18	538.16
34598.29	537.58
34608.4	536.87
34618.51	536.21
34628.62	535.55
34638.73	534.9
34648.84	534.27
34658.95	533.61
34669.06	532.97
34679.17	532.32
34689.28	531.61
34699.39	530.98
34709.5	530.34
34719.61	529.69
34729.72	529.06
34739.83	528.43
34749.94	527.79
34760.05	527.16
34770.16	526.54
34780.27	525.9
34790.38	525.28
34800.49	524.67
34810.6	524.06
34820.71	523.43
34830.82	522.82
34840.93	522.16
34851.04	521.54
34861.15	520.94
34871.26	520.34
34881.37	519.72
34891.48	519.14
34901.59	518.54
34911.7	517.94
34921.81	517.28
34931.92	516.7
34942.03	516.1
34952.14	515.51
34962.25	514.92
34972.36	514.33
34982.47	513.75
34992.58	513.18
35002.69	512.59
35012.8	511.95
35022.91	511.38
35033.02	510.81
35043.13	510.23
35053.24	509.67
35063.35	509.04
35073.46	508.46
35083.57	507.9
35093.68	507.34
35103.79	506.76
35113.9	506.21
35124.01	505.65
35134.12	505.02
35144.23	504.48
35154.34	503.94
35164.45	503.38
35174.56	502.83
35184.67	502.29
35194.78	501.75
35204.89	501.21
35215	500.67
35225.11	500.07
35235.22	499.52
35245.33	498.98
35255.44	498.46
35265.55	497.91
35275.66	497.39
35285.77	496.87
35295.88	496.26
35305.99	495.8
35316.1	495.22
35326.21	494.69
35336.32	494.17
35346.43	493.65
35356.54	493.12
35366.65	492.61
35376.76	492.09
35386.87	491.52
35396.98	491
35407.09	490.49
35417.2	489.98
35427.31	489.47
35437.42	488.97
35447.53	488.47
35457.64	487.95
35467.75	487.45
35477.86	486.95
35487.97	486.37
35498.08	485.88
35508.19	485.39
35518.3	484.89
35528.41	484.39
35538.52	483.91
35548.63	483.42
35558.74	482.92
35568.85	482.42
35578.96	481.94
35589.07	481.38
35599.18	480.91
35609.29	480.49
35619.4	479.94
35629.51	479.46
35639.62	478.98
35649.73	478.5
35659.84	478.03
35669.95	477.5
35680.06	477.07
35690.17	476.53
35700.28	476.07
35710.39	475.59
35720.5	475.12
35730.61	474.65
35740.72	474.19
35750.83	473.71
35760.94	473.24
35771.05	472.78
35781.16	472.3
35791.27	471.83
35801.38	471.38
35811.49	470.91
35821.6	470.45
35831.71	469.99
35841.82	469.53
35851.93	469.08
35862.04	468.61
35872.15	468.15
35882.26	467.7
35892.37	467.25
35902.48	466.79
35912.59	466.34
35922.7	465.89
35932.81	465.43
35942.92	464.98
35953.03	464.53
35963.14	464.08
35973.25	463.63
35983.36	463.19
35993.47	462.76
36003.58	462.31
36013.69	461.86
36023.8	461.43
36033.91	460.99
36044.02	460.55
36054.13	460.11
36064.24	459.68
36074.35	459.24
36084.46	458.81
36094.57	458.38
36104.68	457.94
36114.79	457.52
36124.9	457.1
36135.01	456.66
36145.12	456.23
36155.23	455.82
36165.34	455.38
36175.45	454.95
36185.56	454.53
36195.67	454.11
36205.78	453.7
36215.89	453.28
36226	452.87
36236.11	452.45
36246.22	452.03
36256.33	451.62
36266.44	451.2
36276.55	450.8
36286.66	450.39
36296.77	449.98
36306.88	449.58
36316.99	449.18
36327.1	448.76
36337.21	448.29
36347.32	447.95
36357.43	447.48
36367.54	447.08
36377.65	446.68
36387.76	446.27
36397.87	445.87
36407.98	445.47
36418.09	445.09
36428.2	444.68
36438.31	444.29
36448.42	443.91
36458.53	443.52
36468.63	443.07
36478.75	442.68
36488.86	442.29
36498.96	441.92
36509.07	441.53
36519.18	441.09
36529.29	440.71
36539.4	440.32
36549.51	439.95
36559.62	439.57
36569.73	439.14
36579.84	438.77
36589.95	438.39
36600.06	438.03
36610.17	437.67
36620.28	437.23
36630.39	436.85
36640.5	436.48
36650.61	436.11
36660.72	435.75
36670.83	435.32
36680.94	434.95
36691.05	434.59
36701.16	434.23
36711.27	433.86
36721.38	433.5
36731.49	433.07
36741.6	432.7
36751.71	432.34
36761.82	431.97
36771.93	431.62
36782.04	431.24
36792.15	430.89
36802.26	430.52
36812.37	430.15
36822.48	429.73
36832.59	429.37
36842.7	429.01
36852.81	428.64
36862.91	428.28
36873.02	427.93
36883.14	427.56
36893.25	427.21
36903.36	426.85
36913.47	426.49
36923.58	426.13
36933.69	425.78
36943.8	425.36
36953.91	425.07
36964.01	424.64
36974.12	424.35
36984.23	423.94
36994.34	423.65
37004.45	423.3
37014.56	422.89
37024.67	422.53
37034.78	422.19
37044.89	421.89
37055	421.48
37065.11	421.13
37075.22	420.77
37085.33	420.43
37095.44	420.15
37105.55	419.8
37115.66	419.45
37125.77	419.11
37135.88	418.76
37145.99	418.41
37156.1	418.07
37166.21	417.73
37176.32	417.38
37186.43	417.04
37196.54	416.71
37206.65	416.35
37216.76	416.02
37226.87	415.68
37236.98	415.33
37247.09	415
37257.19	414.67
37267.31	414.33
37277.42	414.01
37287.53	413.67
37297.63	413.33
37307.74	413
37317.85	412.67
37327.96	412.35
37338.07	412.02
37348.18	411.7
37358.29	411.37
37368.4	411.05
37378.51	410.71
37388.62	410.39
37398.73	410.06
37408.85	409.74
37418.95	409.43
37429.06	409.11
37439.17	408.79
37449.28	408.47
37459.39	408.15
37469.5	407.82
37479.61	407.51
37489.72	407.2
37499.83	406.82
37509.94	406.5
37520.05	406.19
37530.16	405.88
37540.27	405.58
37550.38	405.26
37560.49	404.94
37570.6	404.63
37580.71	404.33
37590.82	404.02
37600.93	403.71
37611.04	403.4
37621.15	403.1
37631.26	402.79
37641.37	402.49
37651.48	402.19
37661.59	401.89
37671.7	401.59
37681.81	401.29
37691.92	400.97
37702.03	400.67
37712.14	400.36
37722.25	400.06
37732.36	399.76
37742.47	399.46
37752.58	399.16
37762.69	398.86
37772.8	398.55
37782.91	398.26
37793.02	397.97
37803.13	397.67
37813.24	397.39
37823.35	397.09
37833.46	396.8
37843.57	396.5
37853.68	396.21
37863.79	395.92
37873.89	395.63
37884.01	395.35
37894.11	395.06
37904.22	394.78
37914.33	394.49
37924.44	394.2
37934.55	393.9
37944.66	393.62
37954.77	393.33
37964.88	393.04
37974.99	392.76
37985.1	392.52
37995.21	392.18
38005.32	391.9
38015.43	391.67
38025.54	391.38
38035.65	391.1
38045.76	390.82
38055.87	390.54
38065.98	390.31
38076.09	390.02
38086.2	389.74
38096.31	389.45
38106.42	389.17
38116.53	388.94
38126.64	388.66
38136.75	388.38
38146.86	388.09
38156.97	387.87
38167.08	387.59
38177.19	387.3
38187.3	387.09
38197.41	386.8
38207.52	386.53
38217.63	386.23
38227.74	385.96
38237.85	385.74
38247.96	385.46
38258.07	385.18
38268.18	384.9
38278.29	384.68
38288.4	384.41
38298.51	384.14
38308.62	383.92
38318.73	383.65
38328.84	383.38
38338.95	383.11
38349.06	382.9
38359.17	382.62
38369.28	382.36
38379.39	382.08
38389.5	381.87
38399.61	381.61
38409.72	381.34
38419.83	381.08
38429.94	380.87
38440.05	380.6
38450.16	380.34
38460.27	380.13
38470.37	379.88
38480.48	379.61
38490.59	379.35
38500.7	379.15
38510.82	378.89
38520.92	378.62
38531.04	378.43
38541.15	378.16
38551.26	377.91
38561.37	377.66
38571.48	377.46
38581.58	377.2
38591.69	376.95
38601.8	376.75
38611.91	376.5
38622.02	376.25
38632.14	375.99
38642.25	375.75
38652.36	375.56
38662.46	375.31
38672.58	375.05
38682.69	374.82
38692.8	374.63
38702.91	374.38
38713.02	374.13
38723.12	373.89
38733.23	373.7
38743.34	373.47
38753.45	373.23
38763.56	372.98
38773.67	372.8
38783.78	372.56
38793.89	372.31
38804	372.08
38814.12	371.9
38824.22	371.66
38834.33	371.43
38844.44	371.19
38854.55	370.96
38864.66	370.78
38874.77	370.55
38884.88	370.32
38894.99	370.14
38905.1	369.91
38915.21	369.68
38925.32	369.45
38935.43	369.29
38945.54	369
38955.65	368.83
38965.76	368.61
38975.87	368.38
38985.98	368.21
38996.09	367.99
39006.2	367.77
39016.31	367.54
39026.42	367.31
39036.53	367.15
39046.64	366.93
39056.75	366.71
39066.86	366.49
39076.97	366.34
39087.08	366.05
39097.19	365.9
39107.3	365.67
39117.4	365.46
39127.51	365.3
39137.62	365.09
39147.73	364.87
39157.84	364.66
39167.95	364.45
39178.06	364.24
39188.17	364.09