Jul 19, 2019  11:22:17 PM
Residual Gas Analyzer Software 
Software Version, 3.218.004

Analog Scan Setup:

Data Points in Scan, 991 
Units, Torr 
Noise Floor, 2 
CEM Status, OFF 
Points Per AMU, 10
Scan Start Mass, 1, amu 
Scan Stop Mass, 100, amu
Focus Voltage, 90, Volts 
Ion Energy, HIGH 
Electron Energy, 70, eV 
CEM Voltage, 1000, Volts
CEM Gain, 1.00E+006 
Sensitivity Factor, 8.30E-005 
Filament Current, 1.00, mAmps


  1.00,  -4.77E-010, 
  1.10,   4.22E-011, 
  1.20,   5.35E-008, 
  1.30,   3.94E-007, 
  1.40,   9.59E-008, 
  1.50,   3.99E-008, 
  1.60,   6.95E-008, 
  1.70,   1.22E-007, 
  1.80,   1.72E-007, 
  1.90,   2.11E-007, 
  2.00,   2.23E-007, 
  2.10,   2.25E-007, 
  2.20,   2.06E-007, 
  2.30,   1.49E-007, 
  2.40,   4.97E-008, 
  2.50,   1.59E-008, 
  2.60,   7.78E-009, 
  2.70,   4.57E-009, 
  2.80,   2.78E-009, 
  2.90,   1.96E-009, 
  3.00,   1.54E-009, 
  3.10,   1.21E-009, 
  3.20,   8.05E-010, 
  3.30,   6.81E-010, 
  3.40,   3.83E-010, 
  3.50,   2.45E-010, 
  3.60,   1.29E-010, 
  3.70,  -5.54E-011, 
  3.80,  -6.02E-011, 
  3.90,  -1.20E-011, 
  4.00,  -2.25E-010, 
  4.10,  -2.19E-010, 
  4.20,  -1.53E-010, 
  4.30,  -3.06E-010, 
  4.40,  -4.07E-010, 
  4.50,  -3.12E-010, 
  4.60,  -4.06E-010, 
  4.70,  -3.87E-010, 
  4.80,  -3.10E-010, 
  4.90,  -5.99E-010, 
  5.00,  -6.17E-010, 
  5.10,  -4.16E-010, 
  5.20,  -4.06E-010, 
  5.30,  -4.04E-010, 
  5.40,  -5.88E-010, 
  5.50,  -6.22E-010, 
  5.60,  -4.16E-010, 
  5.70,  -4.39E-010, 
  5.80,  -5.12E-010, 
  5.90,  -4.25E-010, 
  6.00,  -4.71E-010, 
  6.10,  -5.42E-010, 
  6.20,  -4.61E-010, 
  6.30,  -5.11E-010, 
  6.40,  -5.93E-010, 
  6.50,  -4.84E-010, 
  6.60,  -4.49E-010, 
  6.70,  -4.76E-010, 
  6.80,  -5.54E-010, 
  6.90,  -3.54E-010, 
  7.00,  -3.69E-010, 
  7.10,  -4.64E-010, 
  7.20,  -5.83E-010, 
  7.30,  -6.69E-010, 
  7.40,  -7.19E-010, 
  7.50,  -6.58E-010, 
  7.60,  -7.77E-010, 
  7.70,  -5.60E-010, 
  7.80,  -4.81E-010, 
  7.90,  -4.67E-010, 
  8.00,  -3.94E-010, 
  8.10,  -1.92E-010, 
  8.20,  -3.31E-010, 
  8.30,  -3.78E-010, 
  8.40,  -5.39E-010, 
  8.50,  -7.27E-010, 
  8.60,  -7.35E-010, 
  8.70,  -6.43E-010, 
  8.80,  -5.82E-010, 
  8.90,  -5.53E-010, 
  9.00,  -5.39E-010, 
  9.10,  -7.40E-010, 
  9.20,  -5.42E-010, 
  9.30,  -5.94E-010, 
  9.40,  -7.73E-010, 
  9.50,  -6.65E-010, 
  9.60,  -6.45E-010, 
  9.70,  -9.13E-010, 
  9.80,  -8.10E-010, 
  9.90,  -7.98E-010, 
 10.00,  -8.20E-010, 
 10.10,  -8.04E-010, 
 10.20,  -6.49E-010, 
 10.30,  -7.27E-010, 
 10.40,  -6.83E-010, 
 10.50,  -6.77E-010, 
 10.60,  -8.31E-010, 
 10.70,  -7.93E-010, 
 10.80,  -5.17E-010, 
 10.90,  -6.27E-010, 
 11.00,  -7.35E-010, 
 11.10,  -7.59E-010, 
 11.20,  -8.78E-010, 
 11.30,  -8.41E-010, 
 11.40,  -8.48E-010, 
 11.50,  -8.95E-010, 
 11.60,  -3.90E-010, 
 11.70,   7.46E-010, 
 11.80,   1.46E-009, 
 11.90,   2.22E-009, 
 12.00,   3.22E-009, 
 12.10,   3.61E-009, 
 12.20,   3.90E-009, 
 12.30,   2.75E-009, 
 12.40,   1.26E-009, 
 12.50,   3.20E-010, 
 12.60,  -6.27E-011, 
 12.70,  -1.06E-010, 
 12.80,  -2.18E-010, 
 12.90,  -3.17E-010, 
 13.00,  -3.41E-010, 
 13.10,  -3.67E-010, 
 13.20,  -3.59E-010, 
 13.30,  -2.33E-010, 
 13.40,   1.60E-010, 
 13.50,   2.16E-009, 
 13.60,   1.47E-008, 
 13.70,   4.09E-008, 
 13.80,   6.49E-008, 
 13.90,   8.45E-008, 
 14.00,   1.06E-007, 
 14.10,   1.11E-007, 
 14.20,   9.93E-008, 
 14.30,   4.95E-008, 
 14.40,   1.57E-008, 
 14.50,   7.12E-009, 
 14.60,   4.07E-009, 
 14.70,   3.02E-009, 
 14.80,   2.34E-009, 
 14.90,   1.95E-009, 
 15.00,   2.04E-009, 
 15.10,   1.94E-009, 
 15.20,   2.20E-009, 
 15.30,   2.40E-009, 
 15.40,   2.62E-009, 
 15.50,   7.97E-009, 
 15.60,   5.25E-008, 
 15.70,   1.29E-007, 
 15.80,   1.84E-007, 
 15.90,   2.16E-007, 
 16.00,   2.58E-007, 
 16.10,   2.65E-007, 
 16.20,   2.40E-007, 
 16.30,   8.16E-008, 
 16.40,   3.27E-008, 
 16.50,   7.90E-008, 
 16.60,   6.01E-007, 
 16.70,   9.85E-007, 
 16.80,   1.36E-006, 
 16.90,   1.55E-006, 
 17.00,   1.87E-006, 
 17.10,   1.90E-006, 
 17.20,   1.72E-006, 
 17.30,   3.45E-007, 
 17.40,   1.02E-007, 
 17.50,   4.25E-007, 
 17.60,   2.72E-006, 
 17.70,   4.27E-006, 
 17.80,   5.95E-006, 
 17.90,   6.63E-006, 
 18.00,   8.03E-006, 
 18.10,   8.24E-006, 
 18.20,   7.56E-006, 
 18.30,   1.32E-006, 
 18.40,   4.56E-008, 
 18.50,   1.84E-008, 
 18.60,   1.72E-008, 
 18.70,   2.60E-008, 
 18.80,   3.76E-008, 
 18.90,   4.67E-008, 
 19.00,   5.48E-008, 
 19.10,   6.06E-008, 
 19.20,   6.05E-008, 
 19.30,   3.89E-008, 
 19.40,   1.50E-008, 
 19.50,   7.99E-009, 
 19.60,   6.82E-009, 
 19.70,   9.07E-009, 
 19.80,   1.25E-008, 
 19.90,   1.53E-008, 
 20.00,   1.87E-008, 
 20.10,   2.19E-008, 
 20.20,   2.26E-008, 
 20.30,   1.59E-008, 
 20.40,   7.41E-009, 
 20.50,   3.79E-009, 
 20.60,   2.21E-009, 
 20.70,   1.52E-009, 
 20.80,   9.95E-010, 
 20.90,   7.37E-010, 
 21.00,   6.22E-010, 
 21.10,   3.75E-010, 
 21.20,   1.63E-010, 
 21.30,   1.40E-010, 
 21.40,   1.36E-010, 
 21.50,   2.77E-011, 
 21.60,   8.07E-011, 
 21.70,   9.64E-012, 
 21.80,   1.18E-010, 
 21.90,   1.86E-010, 
 22.00,   2.72E-010, 
 22.10,   3.73E-010, 
 22.20,   2.81E-010, 
 22.30,   7.11E-011, 
 22.40,  -2.30E-010, 
 22.50,  -2.02E-010, 
 22.60,  -2.70E-010, 
 22.70,  -2.31E-010, 
 22.80,  -2.34E-010, 
 22.90,  -5.04E-010, 
 23.00,  -5.34E-010, 
 23.10,  -5.12E-010, 
 23.20,  -6.40E-010, 
 23.30,  -5.83E-010, 
 23.40,  -5.55E-010, 
 23.50,  -6.17E-010, 
 23.60,  -5.07E-010, 
 23.70,  -4.42E-010, 
 23.80,  -5.54E-010, 
 23.90,  -6.92E-010, 
 24.00,  -6.24E-010, 
 24.10,  -7.63E-010, 
 24.20,  -6.46E-010, 
 24.30,  -7.12E-010, 
 24.40,  -7.28E-010, 
 24.50,  -6.83E-010, 
 24.60,  -5.47E-010, 
 24.70,  -7.96E-010, 
 24.80,  -6.95E-010, 
 24.90,  -5.01E-010, 
 25.00,  -6.58E-010, 
 25.10,  -6.90E-010, 
 25.20,  -5.22E-010, 
 25.30,  -6.95E-010, 
 25.40,  -8.24E-010, 
 25.50,  -8.12E-010, 
 25.60,  -8.58E-010, 
 25.70,  -6.86E-010, 
 25.80,  -5.57E-010, 
 25.90,  -5.96E-010, 
 26.00,  -4.63E-010, 
 26.10,  -3.99E-010, 
 26.20,  -3.90E-010, 
 26.30,  -3.37E-010, 
 26.40,  -2.81E-010, 
 26.50,  -5.02E-010, 
 26.60,  -5.24E-010, 
 26.70,  -4.28E-010, 
 26.80,  -3.66E-010, 
 26.90,  -8.80E-011, 
 27.00,   6.93E-010, 
 27.10,   1.57E-009, 
 27.20,   3.63E-009, 
 27.30,   9.05E-009, 
 27.40,   2.06E-008, 
 27.50,   7.70E-008, 
 27.60,   5.94E-007, 
 27.70,   9.64E-007, 
 27.80,   1.41E-006, 
 27.90,   1.45E-006, 
 28.00,   1.55E-006, 
 28.10,   1.72E-006, 
 28.20,   1.75E-006, 
 28.30,   3.91E-007, 
 28.40,   3.70E-008, 
 28.50,   1.55E-008, 
 28.60,   1.11E-008, 
 28.70,   1.16E-008, 
 28.80,   1.44E-008, 
 28.90,   1.65E-008, 
 29.00,   1.76E-008, 
 29.10,   1.87E-008, 
 29.20,   1.98E-008, 
 29.30,   1.47E-008, 
 29.40,   7.47E-009, 
 29.50,   4.04E-009, 
 29.60,   3.24E-009, 
 29.70,   3.29E-009, 
 29.80,   3.44E-009, 
 29.90,   3.81E-009, 
 30.00,   4.30E-009, 
 30.10,   4.38E-009, 
 30.20,   4.74E-009, 
 30.30,   3.93E-009, 
 30.40,   2.12E-009, 
 30.50,   1.34E-009, 
 30.60,   8.13E-010, 
 30.70,   5.11E-010, 
 30.80,   3.78E-010, 
 30.90,   5.75E-010, 
 31.00,   1.04E-009, 
 31.10,   1.69E-009, 
 31.20,   2.75E-009, 
 31.30,   4.98E-009, 
 31.40,   1.01E-008, 
 31.50,   3.10E-008, 
 31.60,   2.39E-007, 
 31.70,   4.35E-007, 
 31.80,   6.50E-007, 
 31.90,   7.00E-007, 
 32.00,   7.25E-007, 
 32.10,   7.57E-007, 
 32.20,   7.04E-007, 
 32.30,   1.60E-007, 
 32.40,   2.72E-008, 
 32.50,   1.21E-008, 
 32.60,   6.80E-009, 
 32.70,   4.80E-009, 
 32.80,   3.56E-009, 
 32.90,   3.05E-009, 
 33.00,   2.72E-009, 
 33.10,   2.32E-009, 
 33.20,   2.16E-009, 
 33.30,   1.67E-009, 
 33.40,   9.10E-010, 
 33.50,   6.28E-010, 
 33.60,   8.55E-010, 
 33.70,   1.00E-009, 
 33.80,   1.73E-009, 
 33.90,   2.48E-009, 
 34.00,   2.69E-009, 
 34.10,   2.93E-009, 
 34.20,   2.94E-009, 
 34.30,   2.08E-009, 
 34.40,   8.63E-010, 
 34.50,   4.70E-010, 
 34.60,   1.48E-010, 
 34.70,  -8.43E-012, 
 34.80,  -3.13E-011, 
 34.90,  -1.39E-010, 
 35.00,  -3.20E-010, 
 35.10,  -2.88E-010, 
 35.20,  -4.54E-010, 
 35.30,  -3.70E-010, 
 35.40,  -4.82E-010, 
 35.50,  -5.75E-010, 
 35.60,  -5.16E-010, 
 35.70,  -2.86E-010, 
 35.80,  -2.51E-010, 
 35.90,  -3.47E-010, 
 36.00,  -3.22E-010, 
 36.10,  -3.51E-010, 
 36.20,  -3.37E-010, 
 36.30,  -3.46E-010, 
 36.40,  -5.39E-010, 
 36.50,  -6.08E-010, 
 36.60,  -4.69E-010, 
 36.70,  -4.82E-010, 
 36.80,  -6.73E-010, 
 36.90,  -7.13E-010, 
 37.00,  -5.92E-010, 
 37.10,  -5.08E-010, 
 37.20,  -4.54E-010, 
 37.30,  -5.01E-010, 
 37.40,  -5.33E-010, 
 37.50,  -5.93E-010, 
 37.60,  -6.71E-010, 
 37.70,  -6.24E-010, 
 37.80,  -6.31E-010, 
 37.90,  -7.55E-010, 
 38.00,  -5.73E-010, 
 38.10,  -5.39E-010, 
 38.20,  -4.86E-010, 
 38.30,  -4.60E-010, 
 38.40,  -4.98E-010, 
 38.50,  -7.24E-010, 
 38.60,  -8.27E-010, 
 38.70,  -5.80E-010, 
 38.80,  -5.83E-010, 
 38.90,  -5.25E-010, 
 39.00,  -3.61E-010, 
 39.10,  -5.80E-010, 
 39.20,  -7.05E-010, 
 39.30,  -4.94E-010, 
 39.40,  -2.78E-010, 
 39.50,   4.51E-010, 
 39.60,   4.99E-009, 
 39.70,   1.28E-008, 
 39.80,   2.44E-008, 
 39.90,   3.55E-008, 
 40.00,   4.55E-008, 
 40.10,   4.89E-008, 
 40.20,   4.52E-008, 
 40.30,   2.24E-008, 
 40.40,   9.11E-009, 
 40.50,   4.50E-009, 
 40.60,   2.44E-009, 
 40.70,   1.27E-009, 
 40.80,   5.61E-010, 
 40.90,   2.69E-010, 
 41.00,   2.12E-010, 
 41.10,   7.35E-011, 
 41.20,  -2.07E-010, 
 41.30,  -5.54E-011, 
 41.40,  -7.47E-011, 
 41.50,  -3.01E-010, 
 41.60,  -4.63E-010, 
 41.70,  -3.60E-010, 
 41.80,  -3.64E-010, 
 41.90,  -4.34E-010, 
 42.00,  -5.25E-010, 
 42.10,  -4.83E-010, 
 42.20,  -5.11E-010, 
 42.30,  -3.94E-010, 
 42.40,  -4.86E-010, 
 42.50,  -5.48E-010, 
 42.60,  -5.23E-010, 
 42.70,  -4.65E-010, 
 42.80,  -2.82E-010, 
 42.90,  -2.22E-010, 
 43.00,   6.51E-011, 
 43.10,   2.96E-010, 
 43.20,   4.69E-010, 
 43.30,   4.93E-010, 
 43.40,   6.52E-010, 
 43.50,   1.18E-009, 
 43.60,   5.56E-009, 
 43.70,   1.48E-008, 
 43.80,   2.82E-008, 
 43.90,   4.16E-008, 
 44.00,   5.57E-008, 
 44.10,   6.04E-008, 
 44.20,   5.86E-008, 
 44.30,   3.40E-008, 
 44.40,   1.36E-008, 
 44.50,   6.37E-009, 
 44.60,   3.62E-009, 
 44.70,   2.29E-009, 
 44.80,   1.60E-009, 
 44.90,   1.26E-009, 
 45.00,   1.34E-009, 
 45.10,   1.22E-009, 
 45.20,   8.41E-010, 
 45.30,   5.18E-010, 
 45.40,   7.11E-011, 
 45.50,  -1.07E-010, 
 45.60,  -1.20E-012, 
 45.70,  -1.14E-010, 
 45.80,  -2.90E-010, 
 45.90,  -2.31E-010, 
 46.00,  -2.45E-010, 
 46.10,  -4.75E-010, 
 46.20,  -4.22E-010, 
 46.30,  -4.40E-010, 
 46.40,  -6.60E-010, 
 46.50,  -4.96E-010, 
 46.60,  -7.30E-010, 
 46.70,  -8.20E-010, 
 46.80,  -8.70E-010, 
 46.90,  -7.72E-010, 
 47.00,  -8.37E-010, 
 47.10,  -8.16E-010, 
 47.20,  -7.94E-010, 
 47.30,  -6.17E-010, 
 47.40,  -6.23E-010, 
 47.50,  -5.76E-010, 
 47.60,  -5.84E-010, 
 47.70,  -3.61E-010, 
 47.80,  -2.46E-010, 
 47.90,  -3.07E-010, 
 48.00,  -2.54E-010, 
 48.10,  -5.78E-011, 
 48.20,  -1.77E-010, 
 48.30,  -2.94E-010, 
 48.40,  -3.19E-010, 
 48.50,  -3.04E-010, 
 48.60,  -4.02E-010, 
 48.70,  -7.43E-010, 
 48.80,  -6.90E-010, 
 48.90,  -5.55E-010, 
 49.00,  -6.69E-010, 
 49.10,  -8.28E-010, 
 49.20,  -7.28E-010, 
 49.30,  -5.57E-010, 
 49.40,  -4.70E-010, 
 49.50,  -6.55E-010, 
 49.60,  -8.34E-010, 
 49.70,  -8.70E-010, 
 49.80,  -7.33E-010, 
 49.90,  -9.07E-010, 
 50.00,  -1.02E-009, 
 50.10,  -8.73E-010, 
 50.20,  -7.02E-010, 
 50.30,  -6.83E-010, 
 50.40,  -7.53E-010, 
 50.50,  -8.64E-010, 
 50.60,  -1.02E-009, 
 50.70,  -9.18E-010, 
 50.80,  -8.14E-010, 
 50.90,  -7.99E-010, 
 51.00,  -7.18E-010, 
 51.10,  -7.81E-010, 
 51.20,  -8.78E-010, 
 51.30,  -8.07E-010, 
 51.40,  -7.33E-010, 
 51.50,  -8.80E-010, 
 51.60,  -9.17E-010, 
 51.70,  -9.14E-010, 
 51.80,  -9.22E-010, 
 51.90,  -8.95E-010, 
 52.00,  -9.34E-010, 
 52.10,  -9.06E-010, 
 52.20,  -6.36E-010, 
 52.30,  -6.31E-010, 
 52.40,  -7.89E-010, 
 52.50,  -4.54E-010, 
 52.60,  -5.22E-010, 
 52.70,  -7.76E-010, 
 52.80,  -8.55E-010, 
 52.90,  -9.29E-010, 
 53.00,  -9.19E-010, 
 53.10,  -9.90E-010, 
 53.20,  -8.49E-010, 
 53.30,  -8.22E-010, 
 53.40,  -8.19E-010, 
 53.50,  -6.90E-010, 
 53.60,  -6.81E-010, 
 53.70,  -8.11E-010, 
 53.80,  -8.34E-010, 
 53.90,  -8.78E-010, 
 54.00,  -7.46E-010, 
 54.10,  -8.04E-010, 
 54.20,  -8.58E-010, 
 54.30,  -8.83E-010, 
 54.40,  -9.14E-010, 
 54.50,  -9.99E-010, 
 54.60,  -9.18E-010, 
 54.70,  -8.43E-010, 
 54.80,  -9.35E-010, 
 54.90,  -9.23E-010, 
 55.00,  -8.46E-010, 
 55.10,  -7.93E-010, 
 55.20,  -7.22E-010, 
 55.30,  -7.65E-010, 
 55.40,  -8.01E-010, 
 55.50,  -8.34E-010, 
 55.60,  -8.70E-010, 
 55.70,  -9.55E-010, 
 55.80,  -9.64E-010, 
 55.90,  -9.35E-010, 
 56.00,  -9.49E-010, 
 56.10,  -7.40E-010, 
 56.20,  -6.37E-010, 
 56.30,  -8.37E-010, 
 56.40,  -7.30E-010, 
 56.50,  -7.37E-010, 
 56.60,  -9.30E-010, 
 56.70,  -9.88E-010, 
 56.80,  -8.82E-010, 
 56.90,  -8.46E-010, 
 57.00,  -6.60E-010, 
 57.10,  -6.64E-010, 
 57.20,  -7.95E-010, 
 57.30,  -7.69E-010, 
 57.40,  -8.84E-010, 
 57.50,  -8.69E-010, 
 57.60,  -7.37E-010, 
 57.70,  -6.25E-010, 
 57.80,  -7.24E-010, 
 57.90,  -6.90E-010, 
 58.00,  -6.75E-010, 
 58.10,  -7.84E-010, 
 58.20,  -8.45E-010, 
 58.30,  -7.63E-010, 
 58.40,  -8.14E-010, 
 58.50,  -6.33E-010, 
 58.60,  -6.27E-010, 
 58.70,  -6.83E-010, 
 58.80,  -8.33E-010, 
 58.90,  -7.87E-010, 
 59.00,  -7.31E-010, 
 59.10,  -5.96E-010, 
 59.20,  -6.01E-010, 
 59.30,  -7.35E-010, 
 59.40,  -7.04E-010, 
 59.50,  -7.60E-010, 
 59.60,  -9.14E-010, 
 59.70,  -8.99E-010, 
 59.80,  -8.73E-010, 
 59.90,  -8.28E-010, 
 60.00,  -8.25E-010, 
 60.10,  -8.61E-010, 
 60.20,  -9.16E-010, 
 60.30,  -7.17E-010, 
 60.40,  -6.61E-010, 
 60.50,  -6.89E-010, 
 60.60,  -7.01E-010, 
 60.70,  -7.81E-010, 
 60.80,  -7.83E-010, 
 60.90,  -8.16E-010, 
 61.00,  -6.58E-010, 
 61.10,  -7.93E-010, 
 61.20,  -7.29E-010, 
 61.30,  -6.76E-010, 
 61.40,  -8.27E-010, 
 61.50,  -7.36E-010, 
 61.60,  -7.66E-010, 
 61.70,  -8.05E-010, 
 61.80,  -9.25E-010, 
 61.90,  -8.39E-010, 
 62.00,  -8.58E-010, 
 62.10,  -8.78E-010, 
 62.20,  -8.27E-010, 
 62.30,  -8.17E-010, 
 62.40,  -6.49E-010, 
 62.50,  -6.02E-010, 
 62.60,  -8.34E-010, 
 62.70,  -8.45E-010, 
 62.80,  -7.98E-010, 
 62.90,  -8.87E-010, 
 63.00,  -5.42E-010, 
 63.10,  -4.80E-010, 
 63.20,  -5.02E-010, 
 63.30,  -5.60E-010, 
 63.40,  -7.08E-010, 
 63.50,  -8.40E-010, 
 63.60,  -7.71E-010, 
 63.70,  -6.78E-010, 
 63.80,  -7.00E-010, 
 63.90,  -4.96E-010, 
 64.00,  -3.54E-010, 
 64.10,  -4.35E-010, 
 64.20,  -3.10E-010, 
 64.30,  -3.07E-010, 
 64.40,  -7.07E-010, 
 64.50,  -8.04E-010, 
 64.60,  -8.11E-010, 
 64.70,  -8.71E-010, 
 64.80,  -9.75E-010, 
 64.90,  -7.88E-010, 
 65.00,  -8.17E-010, 
 65.10,  -7.30E-010, 
 65.20,  -5.61E-010, 
 65.30,  -7.86E-010, 
 65.40,  -8.60E-010, 
 65.50,  -7.51E-010, 
 65.60,  -9.76E-010, 
 65.70,  -9.72E-010, 
 65.80,  -9.22E-010, 
 65.90,  -1.06E-009, 
 66.00,  -8.14E-010, 
 66.10,  -6.37E-010, 
 66.20,  -7.02E-010, 
 66.30,  -6.51E-010, 
 66.40,  -8.35E-010, 
 66.50,  -8.89E-010, 
 66.60,  -7.81E-010, 
 66.70,  -8.46E-010, 
 66.80,  -9.54E-010, 
 66.90,  -7.36E-010, 
 67.00,  -5.58E-010, 
 67.10,  -7.01E-010, 
 67.20,  -6.31E-010, 
 67.30,  -6.83E-010, 
 67.40,  -7.93E-010, 
 67.50,  -7.82E-010, 
 67.60,  -7.31E-010, 
 67.70,  -8.51E-010, 
 67.80,  -7.57E-010, 
 67.90,  -6.96E-010, 
 68.00,  -8.51E-010, 
 68.10,  -9.45E-010, 
 68.20,  -1.01E-009, 
 68.30,  -1.12E-009, 
 68.40,  -9.59E-010, 
 68.50,  -9.08E-010, 
 68.60,  -9.80E-010, 
 68.70,  -1.03E-009, 
 68.80,  -7.89E-010, 
 68.90,  -7.63E-010, 
 69.00,  -8.08E-010, 
 69.10,  -9.27E-010, 
 69.20,  -9.22E-010, 
 69.30,  -8.16E-010, 
 69.40,  -7.63E-010, 
 69.50,  -9.23E-010, 
 69.60,  -8.96E-010, 
 69.70,  -9.02E-010, 
 69.80,  -9.16E-010, 
 69.90,  -8.78E-010, 
 70.00,  -1.03E-009, 
 70.10,  -1.04E-009, 
 70.20,  -9.07E-010, 
 70.30,  -8.73E-010, 
 70.40,  -9.64E-010, 
 70.50,  -8.57E-010, 
 70.60,  -8.72E-010, 
 70.70,  -9.73E-010, 
 70.80,  -9.20E-010, 
 70.90,  -8.39E-010, 
 71.00,  -7.72E-010, 
 71.10,  -8.58E-010, 
 71.20,  -8.34E-010, 
 71.30,  -8.98E-010, 
 71.40,  -8.51E-010, 
 71.50,  -6.75E-010, 
 71.60,  -9.35E-010, 
 71.70,  -8.98E-010, 
 71.80,  -8.40E-010, 
 71.90,  -9.28E-010, 
 72.00,  -9.06E-010, 
 72.10,  -7.48E-010, 
 72.20,  -7.94E-010, 
 72.30,  -5.51E-010, 
 72.40,  -5.17E-010, 
 72.50,  -6.87E-010, 
 72.60,  -7.17E-010, 
 72.70,  -6.60E-010, 
 72.80,  -7.22E-010, 
 72.90,  -8.16E-010, 
 73.00,  -7.61E-010, 
 73.10,  -9.10E-010, 
 73.20,  -9.60E-010, 
 73.30,  -7.75E-010, 
 73.40,  -9.53E-010, 
 73.50,  -9.90E-010, 
 73.60,  -9.67E-010, 
 73.70,  -9.10E-010, 
 73.80,  -7.64E-010, 
 73.90,  -8.04E-010, 
 74.00,  -9.61E-010, 
 74.10,  -9.82E-010, 
 74.20,  -7.76E-010, 
 74.30,  -9.19E-010, 
 74.40,  -9.40E-010, 
 74.50,  -7.40E-010, 
 74.60,  -9.05E-010, 
 74.70,  -1.08E-009, 
 74.80,  -8.88E-010, 
 74.90,  -8.35E-010, 
 75.00,  -9.86E-010, 
 75.10,  -9.70E-010, 
 75.20,  -8.64E-010, 
 75.30,  -8.04E-010, 
 75.40,  -9.40E-010, 
 75.50,  -9.20E-010, 
 75.60,  -8.42E-010, 
 75.70,  -8.25E-010, 
 75.80,  -8.55E-010, 
 75.90,  -8.16E-010, 
 76.00,  -7.95E-010, 
 76.10,  -7.92E-010, 
 76.20,  -7.37E-010, 
 76.30,  -6.81E-010, 
 76.40,  -8.41E-010, 
 76.50,  -9.17E-010, 
 76.60,  -8.64E-010, 
 76.70,  -8.82E-010, 
 76.80,  -9.08E-010, 
 76.90,  -1.02E-009, 
 77.00,  -1.00E-009, 
 77.10,  -1.10E-009, 
 77.20,  -9.30E-010, 
 77.30,  -7.27E-010, 
 77.40,  -9.00E-010, 
 77.50,  -9.07E-010, 
 77.60,  -9.08E-010, 
 77.70,  -1.02E-009, 
 77.80,  -9.14E-010, 
 77.90,  -1.03E-009, 
 78.00,  -8.66E-010, 
 78.10,  -7.48E-010, 
 78.20,  -7.86E-010, 
 78.30,  -8.55E-010, 
 78.40,  -7.84E-010, 
 78.50,  -9.29E-010, 
 78.60,  -9.95E-010, 
 78.70,  -9.06E-010, 
 78.80,  -7.48E-010, 
 78.90,  -9.49E-010, 
 79.00,  -8.07E-010, 
 79.10,  -7.90E-010, 
 79.20,  -9.29E-010, 
 79.30,  -8.59E-010, 
 79.40,  -8.28E-010, 
 79.50,  -9.86E-010, 
 79.60,  -8.67E-010, 
 79.70,  -8.33E-010, 
 79.80,  -8.87E-010, 
 79.90,  -1.04E-009, 
 80.00,  -8.88E-010, 
 80.10,  -8.17E-010, 
 80.20,  -6.53E-010, 
 80.30,  -6.72E-010, 
 80.40,  -8.75E-010, 
 80.50,  -9.28E-010, 
 80.60,  -8.06E-010, 
 80.70,  -8.86E-010, 
 80.80,  -8.25E-010, 
 80.90,  -8.31E-010, 
 81.00,  -8.16E-010, 
 81.10,  -7.36E-010, 
 81.20,  -8.64E-010, 
 81.30,  -8.35E-010, 
 81.40,  -8.67E-010, 
 81.50,  -8.80E-010, 
 81.60,  -1.05E-009, 
 81.70,  -8.00E-010, 
 81.80,  -7.67E-010, 
 81.90,  -8.58E-010, 
 82.00,  -7.29E-010, 
 82.10,  -5.93E-010, 
 82.20,  -5.92E-010, 
 82.30,  -6.80E-010, 
 82.40,  -7.48E-010, 
 82.50,  -8.05E-010, 
 82.60,  -6.43E-010, 
 82.70,  -8.64E-010, 
 82.80,  -9.28E-010, 
 82.90,  -9.35E-010, 
 83.00,  -8.69E-010, 
 83.10,  -9.82E-010, 
 83.20,  -1.05E-009, 
 83.30,  -7.81E-010, 
 83.40,  -7.31E-010, 
 83.50,  -8.04E-010, 
 83.60,  -8.90E-010, 
 83.70,  -1.20E-009, 
 83.80,  -1.16E-009, 
 83.90,  -1.02E-009, 
 84.00,  -9.40E-010, 
 84.10,  -7.55E-010, 
 84.20,  -6.33E-010, 
 84.30,  -8.42E-010, 
 84.40,  -6.87E-010, 
 84.50,  -8.48E-010, 
 84.60,  -8.05E-010, 
 84.70,  -8.08E-010, 
 84.80,  -8.84E-010, 
 84.90,  -8.02E-010, 
 85.00,  -8.04E-010, 
 85.10,  -9.16E-010, 
 85.20,  -8.40E-010, 
 85.30,  -6.93E-010, 
 85.40,  -8.90E-010, 
 85.50,  -8.84E-010, 
 85.60,  -7.45E-010, 
 85.70,  -7.17E-010, 
 85.80,  -8.92E-010, 
 85.90,  -8.46E-010, 
 86.00,  -7.73E-010, 
 86.10,  -9.78E-010, 
 86.20,  -9.14E-010, 
 86.30,  -7.99E-010, 
 86.40,  -9.13E-010, 
 86.50,  -9.07E-010, 
 86.60,  -6.71E-010, 
 86.70,  -8.10E-010, 
 86.80,  -8.36E-010, 
 86.90,  -5.48E-010, 
 87.00,  -6.02E-010, 
 87.10,  -7.28E-010, 
 87.20,  -8.34E-010, 
 87.30,  -9.57E-010, 
 87.40,  -1.08E-009, 
 87.50,  -9.59E-010, 
 87.60,  -1.05E-009, 
 87.70,  -9.35E-010, 
 87.80,  -8.54E-010, 
 87.90,  -9.25E-010, 
 88.00,  -8.95E-010, 
 88.10,  -7.66E-010, 
 88.20,  -8.87E-010, 
 88.30,  -7.52E-010, 
 88.40,  -7.61E-010, 
 88.50,  -9.27E-010, 
 88.60,  -8.63E-010, 
 88.70,  -8.64E-010, 
 88.80,  -9.00E-010, 
 88.90,  -8.82E-010, 
 89.00,  -8.90E-010, 
 89.10,  -9.13E-010, 
 89.20,  -8.18E-010, 
 89.30,  -7.16E-010, 
 89.40,  -8.34E-010, 
 89.50,  -7.19E-010, 
 89.60,  -7.64E-010, 
 89.70,  -8.63E-010, 
 89.80,  -9.90E-010, 
 89.90,  -9.23E-010, 
 90.00,  -1.09E-009, 
 90.10,  -9.59E-010, 
 90.20,  -9.53E-010, 
 90.30,  -1.06E-009, 
 90.40,  -8.67E-010, 
 90.50,  -1.05E-009, 
 90.60,  -1.13E-009, 
 90.70,  -1.13E-009, 
 90.80,  -1.02E-009, 
 90.90,  -1.16E-009, 
 91.00,  -1.07E-009, 
 91.10,  -8.35E-010, 
 91.20,  -7.93E-010, 
 91.30,  -8.45E-010, 
 91.40,  -6.18E-010, 
 91.50,  -8.49E-010, 
 91.60,  -8.31E-010, 
 91.70,  -8.22E-010, 
 91.80,  -6.96E-010, 
 91.90,  -7.22E-010, 
 92.00,  -7.01E-010, 
 92.10,  -7.33E-010, 
 92.20,  -9.33E-010, 
 92.30,  -1.02E-009, 
 92.40,  -1.03E-009, 
 92.50,  -1.07E-009, 
 92.60,  -9.46E-010, 
 92.70,  -1.11E-009, 
 92.80,  -1.08E-009, 
 92.90,  -9.46E-010, 
 93.00,  -1.03E-009, 
 93.10,  -1.03E-009, 
 93.20,  -8.35E-010, 
 93.30,  -8.70E-010, 
 93.40,  -9.05E-010, 
 93.50,  -9.13E-010, 
 93.60,  -8.45E-010, 
 93.70,  -9.59E-010, 
 93.80,  -7.92E-010, 
 93.90,  -8.83E-010, 
 94.00,  -8.92E-010, 
 94.10,  -7.06E-010, 
 94.20,  -7.72E-010, 
 94.30,  -8.57E-010, 
 94.40,  -6.45E-010, 
 94.50,  -9.05E-010, 
 94.60,  -8.54E-010, 
 94.70,  -9.64E-010, 
 94.80,  -1.11E-009, 
 94.90,  -1.03E-009, 
 95.00,  -1.15E-009, 
 95.10,  -1.27E-009, 
 95.20,  -1.36E-009, 
 95.30,  -1.28E-009, 
 95.40,  -1.39E-009, 
 95.50,  -1.35E-009, 
 95.60,  -1.18E-009, 
 95.70,  -1.16E-009, 
 95.80,  -1.11E-009, 
 95.90,  -1.10E-009, 
 96.00,  -1.21E-009, 
 96.10,  -1.07E-009, 
 96.20,  -1.05E-009, 
 96.30,  -1.08E-009, 
 96.40,  -1.22E-009, 
 96.50,  -1.14E-009, 
 96.60,  -1.28E-009, 
 96.70,  -1.24E-009, 
 96.80,  -1.13E-009, 
 96.90,  -1.12E-009, 
 97.00,  -1.03E-009, 
 97.10,  -9.02E-010, 
 97.20,  -1.02E-009, 
 97.30,  -1.16E-009, 
 97.40,  -1.07E-009, 
 97.50,  -1.28E-009, 
 97.60,  -1.20E-009, 
 97.70,  -1.16E-009, 
 97.80,  -1.15E-009, 
 97.90,  -1.16E-009, 
 98.00,  -1.10E-009, 
 98.10,  -1.16E-009, 
 98.20,  -1.27E-009, 
 98.30,  -1.04E-009, 
 98.40,  -1.15E-009, 
 98.50,  -1.21E-009, 
 98.60,  -1.13E-009, 
 98.70,  -1.25E-009, 
 98.80,  -1.09E-009, 
 98.90,  -1.10E-009, 
 99.00,  -1.06E-009, 
 99.10,  -1.10E-009, 
 99.20,  -1.03E-009, 
 99.30,  -1.11E-009, 
 99.40,  -1.15E-009, 
 99.50,  -1.24E-009, 
 99.60,  -1.39E-009, 
 99.70,  -1.41E-009, 
 99.80,  -1.19E-009, 
 99.90,  -1.36E-009, 
 100.00,  -1.14E-009, 
