1.09005E-1	4.42644E+2
1.02196E+1	4.42906E+2
2.03312E+1	4.43209E+2
3.04407E+1	4.43432E+2
4.05523E+1	4.43655E+2
5.06629E+1	4.43959E+2
6.07735E+1	4.44175E+2
7.08841E+1	4.44381E+2
8.09936E+1	4.44650E+2
9.11042E+1	4.44880E+2
1.01214E+2	4.45114E+2
1.11326E+2	4.45379E+2
1.21437E+2	4.45564E+2
1.31548E+2	4.45718E+2
1.41659E+2	4.45959E+2
1.51769E+2	4.46144E+2
1.61880E+2	4.46395E+2
1.71990E+2	4.46580E+2
1.82100E+2	4.46761E+2
1.92211E+2	4.47017E+2
2.02322E+2	4.47215E+2
2.12433E+2	4.47404E+2
2.22544E+2	4.47595E+2
2.32654E+2	4.47823E+2
2.42765E+2	4.47980E+2
2.52875E+2	4.48105E+2
2.62987E+2	4.48273E+2
2.73098E+2	4.48385E+2
2.83209E+2	4.48559E+2
2.93319E+2	4.48801E+2
3.03430E+2	4.48996E+2
3.13540E+2	4.49188E+2
3.23651E+2	4.49429E+2
3.33761E+2	4.49562E+2
3.43872E+2	4.49670E+2
3.53983E+2	4.49848E+2
3.64093E+2	4.49967E+2
3.74204E+2	4.50114E+2
3.84315E+2	4.50341E+2
3.94426E+2	4.50484E+2
4.04537E+2	4.50631E+2
4.14648E+2	4.50774E+2
4.24759E+2	4.50920E+2
4.34870E+2	4.51148E+2
4.44978E+2	4.51333E+2
4.55090E+2	4.51493E+2
4.65201E+2	4.51720E+2
4.75312E+2	4.51881E+2
4.85422E+2	4.51996E+2
4.95532E+2	4.52122E+2
5.05644E+2	4.52240E+2
5.15754E+2	4.52416E+2
5.25865E+2	4.52517E+2
5.35976E+2	4.52607E+2
5.46087E+2	4.52698E+2
5.56197E+2	4.52803E+2
5.66308E+2	4.52985E+2
5.76419E+2	4.53097E+2
5.86530E+2	4.53198E+2
5.96640E+2	4.53306E+2
6.06751E+2	4.53467E+2
6.16862E+2	4.53579E+2
6.26972E+2	4.53663E+2
6.37083E+2	4.53767E+2
6.47192E+2	4.53925E+2
6.57303E+2	4.54012E+2
6.67413E+2	4.54093E+2
6.77524E+2	4.54190E+2
6.87634E+2	4.54284E+2
6.97745E+2	4.54463E+2
7.07855E+2	4.54589E+2
7.17967E+2	4.54707E+2
7.28078E+2	4.54802E+2
7.38189E+2	4.54956E+2
7.48299E+2	4.55043E+2
7.58409E+2	4.55134E+2
7.68520E+2	4.55207E+2
7.78631E+2	4.55284E+2
7.88741E+2	4.55375E+2
7.98852E+2	4.55479E+2
8.08963E+2	4.55634E+2
8.19073E+2	4.55710E+2
8.29184E+2	4.55784E+2
8.39295E+2	4.55840E+2
8.49406E+2	4.55895E+2
8.59516E+2	4.55937E+2
8.69627E+2	4.56050E+2
8.79737E+2	4.56126E+2
8.89848E+2	4.56203E+2
8.99958E+2	4.56290E+2
9.10069E+2	4.56364E+2
9.20180E+2	4.56416E+2
9.30291E+2	4.56465E+2
9.40401E+2	4.56577E+2
9.50512E+2	4.56626E+2
9.60622E+2	4.56658E+2
9.70732E+2	4.56696E+2
9.80842E+2	4.56731E+2
9.90953E+2	4.56769E+2
1.00106E+3	4.56889E+2
1.01117E+3	4.56941E+2
1.02129E+3	4.57007E+2
1.03140E+3	4.57067E+2
1.04151E+3	4.57129E+2
1.05162E+3	4.57192E+2
1.06173E+3	4.57252E+2
1.07184E+3	4.57371E+2
1.08195E+3	4.57420E+2
1.09206E+3	4.57455E+2
1.10217E+3	4.57497E+2
1.11228E+3	4.57542E+2
1.12239E+3	4.57587E+2
1.13250E+3	4.57710E+2
1.14261E+3	4.57780E+2
1.15272E+3	4.57839E+2
1.16283E+3	4.57888E+2
1.17295E+3	4.57927E+2
1.18306E+3	4.57951E+2
1.19317E+3	4.57972E+2
1.20328E+3	4.58003E+2
1.21339E+3	4.58088E+2
1.22350E+3	4.58042E+2
1.23361E+3	4.58140E+2
1.24372E+3	4.58196E+2
1.25383E+3	4.58245E+2
1.26394E+3	4.58294E+2
1.27405E+3	4.58329E+2
1.28417E+3	4.58371E+2
1.29428E+3	4.58473E+2
1.30439E+3	4.58514E+2
1.31450E+3	4.58563E+2
1.32461E+3	4.58609E+2
1.33472E+3	4.58651E+2
1.34483E+3	4.58692E+2
1.35494E+3	4.58727E+2
1.36505E+3	4.58766E+2
1.37516E+3	4.58790E+2
1.38527E+3	4.58815E+2
1.39538E+3	4.58889E+2
1.40550E+3	4.58903E+2
1.41561E+3	4.58916E+2
1.42572E+3	4.58934E+2
1.43583E+3	4.58951E+2
1.44594E+3	4.58962E+2
1.45605E+3	4.58997E+2
1.46616E+3	4.59032E+2
1.47627E+3	4.59063E+2
1.48638E+3	4.59074E+2
1.49649E+3	4.59148E+2
1.50660E+3	4.59098E+2
1.51671E+3	4.59172E+2
1.52682E+3	4.59193E+2
1.53693E+3	4.59217E+2
1.54704E+3	4.59231E+2
1.55715E+3	4.59252E+2
1.56726E+3	4.59273E+2
1.57738E+3	4.59312E+2
1.58749E+3	4.59360E+2
1.59760E+3	4.59378E+2
1.60771E+3	4.59371E+2
1.61782E+3	4.59434E+2
1.62793E+3	4.59431E+2
1.63804E+3	4.59448E+2
1.64815E+3	4.59473E+2
1.65826E+3	4.59483E+2
1.66837E+3	4.59515E+2
1.67848E+3	4.59532E+2
1.68859E+3	4.59543E+2
1.69870E+3	4.59543E+2
1.70881E+3	4.59546E+2
1.71892E+3	4.59603E+2
1.72903E+3	4.59543E+2
1.73915E+3	4.59606E+2
1.74926E+3	4.59648E+2
1.75937E+3	4.59735E+2
1.76948E+3	4.59878E+2
1.77959E+3	4.60067E+2
1.78970E+3	4.60294E+2
1.79981E+3	4.60535E+2
1.80992E+3	4.60846E+2
1.82003E+3	4.61087E+2
1.83014E+3	4.61335E+2
1.84025E+3	4.61575E+2
1.85036E+3	4.61809E+2
1.86047E+3	4.62029E+2
1.87058E+3	4.62270E+2
1.88069E+3	4.62514E+2
1.89080E+3	4.62755E+2
1.90091E+3	4.63027E+2
1.91102E+3	4.63299E+2
1.92113E+3	4.63656E+2
1.93125E+3	4.63949E+2
1.94136E+3	4.64253E+2
1.95147E+3	4.64560E+2
1.96158E+3	4.64881E+2
1.97169E+3	4.65181E+2
1.98180E+3	4.65471E+2
1.99191E+3	4.65733E+2
2.00202E+3	4.66022E+2
2.01213E+3	4.66322E+2
2.02224E+3	4.66661E+2
2.03235E+3	4.67080E+2
2.04246E+3	4.67412E+2
2.05258E+3	4.67746E+2
2.06269E+3	4.68078E+2
2.07280E+3	4.68427E+2
2.08291E+3	4.68776E+2
2.09302E+3	4.69121E+2
2.10313E+3	4.69533E+2
2.11324E+3	4.69900E+2
2.12335E+3	4.70252E+2
2.13346E+3	4.70615E+2
2.14357E+3	4.70974E+2
2.15368E+3	4.71319E+2
2.16379E+3	4.71661E+2
2.17390E+3	4.72002E+2
2.18401E+3	4.72341E+2
2.19412E+3	4.72675E+2
2.20423E+3	4.73049E+2
2.21434E+3	4.73432E+2
2.22445E+3	4.73864E+2
2.23456E+3	4.74300E+2
2.24467E+3	4.74757E+2
2.25478E+3	4.75196E+2
2.26489E+3	4.75607E+2
2.27500E+3	4.76022E+2
2.28511E+3	4.76450E+2
2.29522E+3	4.76900E+2
2.30533E+3	4.77360E+2
2.31544E+3	4.77820E+2
2.32555E+3	4.78259E+2
2.33566E+3	4.78704E+2
2.34577E+3	4.79140E+2
2.35587E+3	4.79572E+2
2.36598E+3	4.80021E+2
2.37609E+3	4.80442E+2
2.38620E+3	4.80870E+2
2.39631E+3	4.81323E+2
2.40642E+3	4.81712E+2
2.41653E+3	4.82199E+2
2.42664E+3	4.82711E+2
2.43675E+3	4.83188E+2
2.44686E+3	4.83675E+2
2.45697E+3	4.84190E+2
2.46708E+3	4.84648E+2
2.47719E+3	4.85166E+2
2.48730E+3	4.85709E+2
2.49741E+3	4.86227E+2
2.50752E+3	4.86643E+2
2.51763E+3	4.87120E+2
2.52773E+3	4.87585E+2
2.53784E+3	4.88002E+2
2.54795E+3	4.88530E+2
2.55806E+3	4.89012E+2
2.56817E+3	4.89554E+2
2.57828E+3	4.90124E+2
2.58840E+3	4.90602E+2
2.59850E+3	4.91179E+2
2.60862E+3	4.91797E+2
2.61872E+3	4.92369E+2
2.62883E+3	4.93000E+2
2.63894E+3	4.93587E+2
2.64905E+3	4.94085E+2
2.65916E+3	4.94609E+2
2.66927E+3	4.95133E+2
2.67938E+3	4.95674E+2
2.68949E+3	4.96151E+2
2.69960E+3	4.96723E+2
2.70971E+3	4.97274E+2
2.71982E+3	4.97897E+2
2.72993E+3	4.98535E+2
2.74004E+3	4.99172E+2
2.75015E+3	4.99711E+2
2.76026E+3	5.00321E+2
2.77037E+3	5.00881E+2
2.78048E+3	5.01493E+2
2.79059E+3	5.02143E+2
2.80070E+3	5.02731E+2
2.81081E+3	5.03259E+2
2.82092E+3	5.03833E+2
2.83103E+3	5.04455E+2
2.84114E+3	5.05081E+2
2.85125E+3	5.05636E+2
2.86135E+3	5.06230E+2
2.87146E+3	5.06828E+2
2.88157E+3	5.07379E+2
2.89168E+3	5.08015E+2
2.90179E+3	5.08576E+2
2.91190E+3	5.09208E+2
2.92201E+3	5.09898E+2
2.93212E+3	5.10559E+2
2.94223E+3	5.11279E+2
2.95234E+3	5.11927E+2
2.96245E+3	5.12612E+2
2.97256E+3	5.13305E+2
2.98267E+3	5.13955E+2
2.99278E+3	5.14695E+2
3.00289E+3	5.15369E+2
3.01300E+3	5.16112E+2
3.02311E+3	5.16865E+2
3.03321E+3	5.17514E+2
3.04333E+3	5.18240E+2
3.05343E+3	5.19037E+2
3.06354E+3	5.19872E+2
3.07365E+3	5.20650E+2
3.08376E+3	5.21505E+2
3.09387E+3	5.22349E+2
3.10398E+3	5.23158E+2
3.11409E+3	5.24070E+2
3.12420E+3	5.24944E+2
3.13431E+3	5.25822E+2
3.14442E+3	5.26646E+2
3.15453E+3	5.27557E+2
3.16464E+3	5.28436E+2
3.17475E+3	5.29370E+2
3.18487E+3	5.30307E+2
3.19497E+3	5.31230E+2
3.20508E+3	5.32162E+2
3.21519E+3	5.33238E+2
3.22530E+3	5.34293E+2
3.23542E+3	5.35354E+2
3.24553E+3	5.36377E+2
3.25564E+3	5.37393E+2
3.26575E+3	5.38405E+2
3.27586E+3	5.39485E+2
3.28597E+3	5.40639E+2
3.29608E+3	5.41799E+2
3.30619E+3	5.43092E+2
3.31630E+3	5.44373E+2
3.32641E+3	5.45688E+2
3.33652E+3	5.47026E+2
3.34663E+3	5.48410E+2
3.35674E+3	5.49900E+2
3.36685E+3	5.51537E+2
3.37696E+3	5.53163E+2
3.38707E+3	5.54723E+2
3.39718E+3	5.55881E+2
3.40729E+3	5.56642E+2
3.41740E+3	5.57244E+2
3.42751E+3	5.57767E+2
3.43762E+3	5.58335E+2
3.44774E+3	5.58930E+2
3.45785E+3	5.59559E+2
3.46796E+3	5.60268E+2
3.47807E+3	5.61038E+2
3.48818E+3	5.61822E+2
3.49829E+3	5.62645E+2
3.50840E+3	5.63384E+2
3.51851E+3	5.64126E+2
3.52862E+3	5.64848E+2
3.53873E+3	5.65522E+2
3.54884E+3	5.66183E+2
3.55895E+3	5.66843E+2
3.56906E+3	5.67460E+2
3.57917E+3	5.68087E+2
3.58928E+3	5.68754E+2
3.59939E+3	5.69400E+2
3.60950E+3	5.70215E+2
3.61961E+3	5.71020E+2
3.62972E+3	5.71746E+2
3.63983E+3	5.72395E+2
3.64994E+3	5.73152E+2
3.66005E+3	5.73902E+2
3.67016E+3	5.74648E+2
3.68028E+3	5.75331E+2
3.69039E+3	5.76010E+2
3.70050E+3	5.76678E+2
3.71061E+3	5.77394E+2
3.72072E+3	5.78106E+2
3.73083E+3	5.78828E+2
3.74094E+3	5.79533E+2
3.75105E+3	5.80248E+2
3.76116E+3	5.80923E+2
3.77127E+3	5.81668E+2
3.78138E+3	5.82473E+2
3.79149E+3	5.83157E+2
3.80160E+3	5.83821E+2
3.81171E+3	5.84424E+2
3.82182E+3	5.84940E+2
3.83193E+3	5.85406E+2
3.84204E+3	5.85966E+2
3.85215E+3	5.86613E+2
3.86226E+3	5.87327E+2
3.87237E+3	5.88134E+2
3.88248E+3	5.88955E+2
3.89259E+3	5.89715E+2
3.90271E+3	5.90441E+2
3.91282E+3	5.91211E+2
3.92293E+3	5.91910E+2
3.93304E+3	5.92566E+2
3.94315E+3	5.93276E+2
3.95326E+3	5.93975E+2
3.96337E+3	5.94738E+2
3.97348E+3	5.95353E+2
3.98359E+3	5.96038E+2
3.99370E+3	5.96764E+2
4.00381E+3	5.97553E+2
4.01392E+3	5.98291E+2
4.02403E+3	5.98893E+2
4.03414E+3	5.99451E+2
4.04426E+3	6.00029E+2
4.05437E+3	6.00634E+2
4.06448E+3	6.01262E+2
4.07459E+3	6.01846E+2
4.08470E+3	6.02571E+2
4.09481E+3	6.03188E+2
4.10492E+3	6.03802E+2
4.11503E+3	6.04460E+2
4.12514E+3	6.05158E+2
4.13525E+3	6.05832E+2
4.14536E+3	6.06493E+2
4.15547E+3	6.07147E+2
4.16558E+3	6.07814E+2
4.17569E+3	6.08485E+2
4.18580E+3	6.09145E+2
4.19591E+3	6.09685E+2
4.20602E+3	6.10342E+2
4.21613E+3	6.10989E+2
4.22624E+3	6.11655E+2
4.23636E+3	6.12356E+2
4.24647E+3	6.13059E+2
4.25658E+3	6.13716E+2
4.26669E+3	6.14269E+2
4.27680E+3	6.14815E+2
4.28691E+3	6.15485E+2
4.29702E+3	6.16268E+2
4.30713E+3	6.17081E+2
4.31724E+3	6.17823E+2
4.32735E+3	6.18606E+2
4.33746E+3	6.19305E+2
4.34757E+3	6.19981E+2
4.35768E+3	6.20587E+2
4.36779E+3	6.21123E+2
4.37790E+3	6.21639E+2
4.38801E+3	6.22145E+2
4.39812E+3	6.22691E+2
4.40823E+3	6.23283E+2
4.41834E+3	6.23872E+2
4.42845E+3	6.24498E+2
4.43856E+3	6.25094E+2
4.44867E+3	6.25786E+2
4.45878E+3	6.26451E+2
4.46889E+3	6.27130E+2
4.47900E+3	6.27791E+2
4.48911E+3	6.28334E+2
4.49922E+3	6.28922E+2
4.50933E+3	6.29544E+2
4.51944E+3	6.30176E+2
4.52955E+3	6.30790E+2
4.53966E+3	6.31525E+2
4.54977E+3	6.32130E+2
4.55988E+3	6.32831E+2
4.56999E+3	6.33585E+2
4.58010E+3	6.34314E+2
4.59021E+3	6.34755E+2
4.60032E+3	6.35283E+2
4.61043E+3	6.35812E+2
4.62054E+3	6.36429E+2
4.63065E+3	6.37090E+2
4.64076E+3	6.37751E+2
4.65087E+3	6.38452E+2
4.66098E+3	6.39213E+2
4.67109E+3	6.39897E+2
4.68120E+3	6.40534E+2
4.69131E+3	6.41151E+2
4.70142E+3	6.41696E+2
4.71154E+3	6.42244E+2
4.72165E+3	6.42818E+2
4.73176E+3	6.43455E+2
4.74187E+3	6.44026E+2
4.75198E+3	6.44517E+2
4.76209E+3	6.45081E+2
4.77220E+3	6.45721E+2
4.78231E+3	6.46444E+2
4.79242E+3	6.47243E+2
4.80253E+3	6.47947E+2
4.81264E+3	6.48567E+2
4.82275E+3	6.49200E+2
4.83286E+3	6.49793E+2
4.84297E+3	6.50417E+2
4.85308E+3	6.51017E+2
4.86319E+3	6.51597E+2
4.87330E+3	6.52203E+2
4.88341E+3	6.52823E+2
4.89352E+3	6.53463E+2
4.90363E+3	6.54076E+2
4.91374E+3	6.54586E+2
4.92385E+3	6.55116E+2
4.93396E+3	6.55726E+2
4.94407E+3	6.56388E+2
4.95418E+3	6.57170E+2
4.96430E+3	6.57958E+2
4.97441E+3	6.58789E+2
4.98452E+3	6.59574E+2
4.99463E+3	6.60242E+2
5.00474E+3	6.60841E+2
5.01485E+3	6.61384E+2
5.02496E+3	6.61967E+2
5.03507E+3	6.62619E+2
5.04518E+3	6.63280E+2
5.05529E+3	6.63902E+2
5.06540E+3	6.64524E+2
5.07551E+3	6.65113E+2
5.08562E+3	6.65649E+2
5.09573E+3	6.66221E+2
5.10584E+3	6.66839E+2
5.11595E+3	6.67401E+2
5.12606E+3	6.67980E+2
5.13617E+3	6.68671E+2
5.14628E+3	6.69335E+2
5.15639E+3	6.69966E+2
5.16650E+3	6.70578E+2
5.17661E+3	6.71133E+2
5.18672E+3	6.71684E+2
5.19684E+3	6.72190E+2
5.20695E+3	6.72752E+2
5.21706E+3	6.73359E+2
5.22717E+3	6.74026E+2
5.23728E+3	6.74723E+2
5.24739E+3	6.75417E+2
5.25750E+3	6.76123E+2
5.26761E+3	6.76780E+2
5.27772E+3	6.77397E+2
5.28783E+3	6.77972E+2
5.29794E+3	6.78645E+2
5.30805E+3	6.79420E+2
5.31816E+3	6.80093E+2
5.32827E+3	6.80690E+2
5.33838E+3	6.81241E+2
5.34849E+3	6.81845E+2
5.35860E+3	6.82524E+2
5.36871E+3	6.83349E+2
5.37882E+3	6.84117E+2
5.38893E+3	6.84704E+2
5.39904E+3	6.85155E+2
5.40915E+3	6.85534E+2
5.41926E+3	6.85943E+2
5.42937E+3	6.86483E+2
5.43948E+3	6.87040E+2
5.44959E+3	6.87653E+2
5.45970E+3	6.88299E+2
5.46981E+3	6.88958E+2
5.47992E+3	6.89613E+2
5.49003E+3	6.90302E+2
5.50014E+3	6.90973E+2
5.51025E+3	6.91573E+2
5.52036E+3	6.92192E+2
5.53048E+3	6.92844E+2
5.54059E+3	6.93519E+2
5.55070E+3	6.94087E+2
5.56081E+3	6.94700E+2
5.57092E+3	6.95309E+2
5.58103E+3	6.95970E+2
5.59114E+3	6.96579E+2
5.60125E+3	6.97138E+2
5.61136E+3	6.97724E+2
5.62147E+3	6.98349E+2
5.63158E+3	6.99003E+2
5.64169E+3	6.99678E+2
5.65180E+3	7.00319E+2
5.66191E+3	7.00904E+2
5.67202E+3	7.01493E+2
5.68213E+3	7.02058E+2
5.69224E+3	7.02630E+2
5.70235E+3	7.03245E+2
5.71246E+3	7.03873E+2
5.72257E+3	7.04563E+2
5.73268E+3	7.05243E+2
5.74279E+3	7.06035E+2
5.75291E+3	7.06726E+2
5.76301E+3	7.07251E+2
5.77312E+3	7.07780E+2
5.78323E+3	7.08217E+2
5.79334E+3	7.08601E+2
5.80345E+3	7.09117E+2
5.81357E+3	7.09715E+2
5.82368E+3	7.10332E+2
5.83379E+3	7.10996E+2
5.84390E+3	7.11656E+2
5.85401E+3	7.12243E+2
5.86411E+3	7.12917E+2
5.87423E+3	7.13593E+2
5.88434E+3	7.14128E+2
5.89445E+3	7.14644E+2
5.90455E+3	7.15294E+2
5.91466E+3	7.15960E+2
5.92477E+3	7.16584E+2
5.93488E+3	7.17191E+2
5.94499E+3	7.17798E+2
5.95510E+3	7.18363E+2
5.96521E+3	7.18862E+2
5.97532E+3	7.19433E+2
5.98543E+3	7.20102E+2
5.99554E+3	7.20821E+2
6.00566E+3	7.21484E+2
6.01577E+3	7.22012E+2
6.02588E+3	7.22504E+2
6.03599E+3	7.23006E+2
6.04609E+3	7.23649E+2
6.05620E+3	7.24361E+2
6.06631E+3	7.25109E+2
6.07643E+3	7.25742E+2
6.08653E+3	7.26362E+2
6.09664E+3	7.26871E+2
6.10675E+3	7.27416E+2
6.11686E+3	7.27963E+2
6.12697E+3	7.28554E+2
6.13709E+3	7.29239E+2
6.14719E+3	7.29895E+2
6.15731E+3	7.30716E+2
6.16742E+3	7.31470E+2
6.17753E+3	7.32080E+2
6.18764E+3	7.32401E+2
6.19775E+3	7.32828E+2
6.20786E+3	7.33327E+2
6.21797E+3	7.33881E+2
6.22808E+3	7.34389E+2
6.23818E+3	7.35058E+2
6.24829E+3	7.35708E+2
6.25841E+3	7.36180E+2
6.26851E+3	7.36682E+2
6.27862E+3	7.37167E+2
6.28873E+3	7.37744E+2
6.29884E+3	7.38410E+2
6.30895E+3	7.39004E+2
6.31906E+3	7.39693E+2
6.32917E+3	7.40384E+2
6.33928E+3	7.40988E+2
6.34939E+3	7.41506E+2
6.35950E+3	7.42014E+2
6.36961E+3	7.42456E+2
6.37972E+3	7.43185E+2
6.38983E+3	7.43851E+2
6.39994E+3	7.44355E+2
6.41005E+3	7.45054E+2
6.42016E+3	7.45641E+2
6.43027E+3	7.46228E+2
6.44038E+3	7.46785E+2
6.45049E+3	7.47401E+2
6.46060E+3	7.48008E+2
6.47071E+3	7.48575E+2
6.48082E+3	7.49047E+2
6.49093E+3	7.49677E+2
6.50104E+3	7.50346E+2
6.51115E+3	7.50841E+2
6.52126E+3	7.51329E+2
6.53137E+3	7.51946E+2
6.54148E+3	7.52703E+2
6.55160E+3	7.53290E+2
6.56170E+3	7.54024E+2
6.57182E+3	7.54817E+2
6.58193E+3	7.55476E+2
6.59204E+3	7.55971E+2
6.60215E+3	7.56580E+2
6.61225E+3	7.57249E+2
6.62236E+3	7.57851E+2
6.63247E+3	7.58464E+2
6.64258E+3	7.59014E+2
6.65269E+3	7.59519E+2
6.66280E+3	7.60000E+2
6.67291E+3	7.60593E+2
6.68302E+3	7.61277E+2
6.69313E+3	7.61942E+2
6.70324E+3	7.62567E+2
6.71335E+3	7.63166E+2
6.72346E+3	7.63729E+2
6.73357E+3	7.64266E+2
6.74368E+3	7.64894E+2
6.75379E+3	7.65437E+2
6.76391E+3	7.65977E+2
6.77402E+3	7.66526E+2
6.78413E+3	7.67069E+2
6.79424E+3	7.67674E+2
6.80435E+3	7.68269E+2
6.81446E+3	7.68939E+2
6.82457E+3	7.69605E+2
6.83468E+3	7.70242E+2
6.84479E+3	7.70885E+2
6.85490E+3	7.71505E+2
6.86501E+3	7.72115E+2
6.87512E+3	7.72790E+2
6.88523E+3	7.73290E+2
6.89534E+3	7.73897E+2
6.90545E+3	7.74564E+2
6.91556E+3	7.75132E+2
6.92567E+3	7.75716E+2
6.93578E+3	7.76362E+2
6.94589E+3	7.77038E+2
6.95600E+3	7.77668E+2
6.96611E+3	7.78246E+2
6.97622E+3	7.78872E+2
6.98633E+3	7.79368E+2
6.99644E+3	7.79679E+2
7.00655E+3	7.80076E+2
7.01666E+3	7.80490E+2
7.02677E+3	7.81037E+2
7.03688E+3	7.81615E+2
7.04699E+3	7.82103E+2
7.05710E+3	7.82608E+2
7.06721E+3	7.83107E+2
7.07732E+3	7.83602E+2
7.08743E+3	7.84176E+2
7.09754E+3	7.85008E+2
7.10765E+3	7.85877E+2
7.11776E+3	7.86700E+2
7.12787E+3	7.87473E+2
7.13798E+3	7.88109E+2
7.14809E+3	7.88683E+2
7.15820E+3	7.89099E+2
7.16831E+3	7.89502E+2
7.17842E+3	7.89954E+2
7.18853E+3	7.90360E+2
7.19864E+3	7.90833E+2
7.20875E+3	7.91308E+2
7.21886E+3	7.91894E+2
7.22897E+3	7.92569E+2
7.23908E+3	7.93352E+2
7.24919E+3	7.93998E+2
7.25930E+3	7.94554E+2
7.26941E+3	7.95187E+2
7.27952E+3	7.95822E+2
7.28963E+3	7.96326E+2
7.29974E+3	7.96870E+2
7.30985E+3	7.97558E+2
7.31996E+3	7.98357E+2
7.33007E+3	7.98946E+2
7.34018E+3	7.99319E+2
7.35029E+3	7.99719E+2
7.36040E+3	8.00197E+2
7.37051E+3	8.00885E+2
7.38063E+3	8.01507E+2
7.39073E+3	8.02142E+2
7.40084E+3	8.02715E+2
7.41095E+3	8.03236E+2
7.42106E+3	8.03704E+2
7.43117E+3	8.04368E+2
7.44128E+3	8.05046E+2
7.45139E+3	8.05550E+2
7.46151E+3	8.06172E+2
7.47161E+3	8.06787E+2
7.48173E+3	8.07406E+2
7.49184E+3	8.08152E+2
7.50195E+3	8.08816E+2
7.51206E+3	8.09238E+2
7.52217E+3	8.09641E+2
7.53228E+3	8.10106E+2
7.54239E+3	8.10531E+2
7.55250E+3	8.11025E+2
7.56261E+3	8.11801E+2
7.57272E+3	8.12596E+2
7.58283E+3	8.13332E+2
7.59294E+3	8.13911E+2
7.60305E+3	8.14403E+2
7.61316E+3	8.14848E+2
7.62327E+3	8.15358E+2
7.63338E+3	8.15954E+2
7.64349E+3	8.16493E+2
7.65360E+3	8.17190E+2
7.66371E+3	8.17763E+2
7.67382E+3	8.18411E+2
7.68393E+3	8.19042E+2
7.69404E+3	8.19530E+2
7.70415E+3	8.20083E+2
7.71426E+3	8.20786E+2
7.72437E+3	8.21359E+2
7.73448E+3	8.21872E+2
7.74459E+3	8.22451E+2
7.75470E+3	8.23122E+2
7.76481E+3	8.23812E+2
7.77492E+3	8.24401E+2
7.78503E+3	8.25029E+2
7.79514E+3	8.25622E+2
7.80525E+3	8.26207E+2
7.81536E+3	8.26845E+2
7.82547E+3	8.27411E+2
7.83558E+3	8.27899E+2
7.84569E+3	8.28229E+2
7.85580E+3	8.28681E+2
7.86591E+3	8.29319E+2
7.87602E+3	8.29917E+2
7.88613E+3	8.30490E+2
7.89624E+3	8.31000E+2
7.90635E+3	8.31619E+2
7.91646E+3	8.32332E+2
7.92657E+3	8.32826E+2
7.93668E+3	8.33369E+2
7.94679E+3	8.34014E+2
7.95690E+3	8.34576E+2
7.96701E+3	8.35025E+2
7.97712E+3	8.35519E+2
7.98723E+3	8.35846E+2
7.99733E+3	8.36288E+2
8.00744E+3	8.37017E+2
8.01755E+3	8.37629E+2
8.02767E+3	8.38195E+2
8.03778E+3	8.38686E+2
8.04789E+3	8.39301E+2
8.05800E+3	8.39910E+2
8.06811E+3	8.40571E+2
8.07822E+3	8.41265E+2
8.08833E+3	8.41769E+2
8.09844E+3	8.42305E+2
8.10855E+3	8.42963E+2
8.11866E+3	8.43493E+2
8.12877E+3	8.43909E+2
8.13888E+3	8.44456E+2
8.14899E+3	8.45058E+2
8.15910E+3	8.45634E+2
8.16921E+3	8.46383E+2
8.17932E+3	8.47077E+2
8.18943E+3	8.47614E+2
8.19954E+3	8.48210E+2
8.20965E+3	8.48734E+2
8.21976E+3	8.49071E+2
8.22987E+3	8.49415E+2
8.23998E+3	8.50008E+2
8.25009E+3	8.50682E+2
8.26020E+3	8.51294E+2
8.27031E+3	8.51903E+2
8.28042E+3	8.52588E+2
8.29053E+3	8.53337E+2
8.30064E+3	8.53914E+2
8.31075E+3	8.54303E+2
8.32086E+3	8.54729E+2
8.33097E+3	8.55269E+2
8.34108E+3	8.55928E+2
8.35119E+3	8.56658E+2
8.36130E+3	8.57202E+2
8.37141E+3	8.57788E+2
8.38152E+3	8.58355E+2
8.39163E+3	8.58829E+2
8.40174E+3	8.59268E+2
8.41185E+3	8.59842E+2
8.42196E+3	8.60526E+2
8.43207E+3	8.61198E+2
8.44218E+3	8.61653E+2
8.45229E+3	8.62086E+2
8.46240E+3	8.62518E+2
8.47251E+3	8.63085E+2
8.48262E+3	8.63691E+2
8.49273E+3	8.64282E+2
8.50284E+3	8.64760E+2
8.51295E+3	8.65311E+2
8.52306E+3	8.65914E+2
8.53317E+3	8.66451E+2
8.54328E+3	8.67008E+2
8.55339E+3	8.67644E+2
8.56350E+3	8.68152E+2
8.57361E+3	8.68670E+2
8.58372E+3	8.69319E+2
8.59383E+3	8.69968E+2
8.60394E+3	8.70358E+2
8.61405E+3	8.70939E+2
8.62416E+3	8.71440E+2
8.63427E+3	8.71968E+2
8.64438E+3	8.72627E+2
8.65450E+3	8.73309E+2
8.66461E+3	8.73952E+2
8.67472E+3	8.74549E+2
8.68483E+3	8.75113E+2
8.69494E+3	8.75569E+2
8.70505E+3	8.76058E+2
8.71516E+3	8.76773E+2
8.72527E+3	8.77376E+2
8.73538E+3	8.77983E+2
8.74549E+3	8.78544E+2
8.75560E+3	8.78951E+2
8.76571E+3	8.79493E+2
8.77582E+3	8.80031E+2
8.78593E+3	8.80744E+2
8.79604E+3	8.81393E+2
8.80615E+3	8.81964E+2
8.81626E+3	8.82358E+2
8.82637E+3	8.82765E+2
8.83648E+3	8.83497E+2
8.84659E+3	8.84190E+2
8.85670E+3	8.84679E+2
8.86681E+3	8.85149E+2
8.87692E+3	8.85700E+2
8.88703E+3	8.86311E+2
8.89714E+3	8.86968E+2
8.90725E+3	8.87628E+2
8.91736E+3	8.88377E+2
8.92747E+3	8.88932E+2
8.93758E+3	8.89365E+2
8.94769E+3	8.89566E+2
8.95780E+3	8.90003E+2
8.96791E+3	8.90660E+2
8.97802E+3	8.91327E+2
8.98813E+3	8.92004E+2
8.99824E+3	8.92493E+2
9.00835E+3	8.92934E+2
9.01846E+3	8.93486E+2
9.02857E+3	8.93936E+2
9.03868E+3	8.94445E+2
9.04879E+3	8.95172E+2
9.05890E+3	8.95869E+2
9.06901E+3	8.96559E+2
9.07912E+3	8.96967E+2
9.08923E+3	8.97500E+2
9.09934E+3	8.98099E+2
9.10945E+3	8.98464E+2
9.11956E+3	8.98884E+2
9.12967E+3	8.99506E+2
9.13978E+3	9.00269E+2
9.14989E+3	9.01019E+2
9.16000E+3	9.01493E+2
9.17011E+3	9.01822E+2
9.18022E+3	9.02325E+2
9.19033E+3	9.03043E+2
9.20044E+3	9.03763E+2
9.21055E+3	9.04119E+2
9.22066E+3	9.04533E+2
9.23077E+3	9.05047E+2
9.24088E+3	9.05801E+2
9.25099E+3	9.06545E+2
9.26110E+3	9.07111E+2
9.27121E+3	9.07668E+2
9.28132E+3	9.08079E+2
9.29143E+3	9.08590E+2
9.30154E+3	9.09163E+2
9.31165E+3	9.09762E+2
9.32176E+3	9.10398E+2
9.33187E+3	9.11047E+2
9.34198E+3	9.11571E+2
9.35209E+3	9.12029E+2
9.36220E+3	9.12602E+2
9.37231E+3	9.12875E+2
9.38242E+3	9.13130E+2
9.39254E+3	9.13647E+2
9.40265E+3	9.14227E+2
9.41275E+3	9.14929E+2
9.42287E+3	9.15691E+2
9.43298E+3	9.16307E+2
9.44309E+3	9.16709E+2
9.45320E+3	9.17115E+2
9.46331E+3	9.17718E+2
9.47342E+3	9.18500E+2
9.48353E+3	9.19054E+2
9.49364E+3	9.19585E+2
9.50374E+3	9.20054E+2
9.51386E+3	9.20476E+2
9.52396E+3	9.21050E+2
9.53407E+3	9.21753E+2
9.54419E+3	9.22492E+2
9.55429E+3	9.22941E+2
9.56441E+3	9.23337E+2
9.57452E+3	9.23859E+2
9.58463E+3	9.24516E+2
9.59474E+3	9.25080E+2
9.60485E+3	9.25698E+2
9.61496E+3	9.26397E+2
9.62507E+3	9.26820E+2
9.63518E+3	9.27249E+2
9.64529E+3	9.27808E+2
9.65540E+3	9.28267E+2
9.66551E+3	9.28822E+2
9.67562E+3	9.29545E+2
9.68573E+3	9.30239E+2
9.69584E+3	9.30695E+2
9.70595E+3	9.31250E+2
9.71606E+3	9.31706E+2
9.72616E+3	9.32182E+2
9.73628E+3	9.32793E+2
9.74639E+3	9.33550E+2
9.75650E+3	9.34268E+2
9.76661E+3	9.34615E+2
9.77671E+3	9.34820E+2
9.78682E+3	9.35190E+2
9.79693E+3	9.35889E+2
9.80705E+3	9.36494E+2
9.81715E+3	9.37486E+2
9.82727E+3	9.38237E+2
9.83737E+3	9.38750E+2
9.84749E+3	9.39084E+2
9.85759E+3	9.39617E+2
9.86770E+3	9.40252E+2
9.87781E+3	9.40868E+2
9.88792E+3	9.41109E+2
9.89804E+3	9.41517E+2
9.90814E+3	9.42179E+2
9.91825E+3	9.42757E+2
9.92836E+3	9.43353E+2
9.93847E+3	9.44198E+2
9.94859E+3	9.44953E+2
9.95869E+3	9.45470E+2
9.96881E+3	9.45814E+2
9.97891E+3	9.46361E+2
9.98902E+3	9.46980E+2
9.99913E+3	9.47521E+2
1.00092E+4	9.48021E+2
1.00194E+4	9.48366E+2
1.00295E+4	9.48873E+2
1.00396E+4	9.49396E+2
1.00497E+4	9.49930E+2
1.00598E+4	9.50454E+2
1.00699E+4	9.51014E+2
1.00800E+4	9.51552E+2
1.00901E+4	9.52135E+2
1.01002E+4	9.52610E+2
1.01103E+4	9.53326E+2
1.01205E+4	9.54029E+2
1.01306E+4	9.54547E+2
1.01407E+4	9.55207E+2
1.01508E+4	9.55576E+2
1.01609E+4	9.55917E+2
1.01710E+4	9.56190E+2
1.01811E+4	9.56741E+2
1.01912E+4	9.57169E+2
1.02013E+4	9.57736E+2
1.02115E+4	9.58298E+2
1.02216E+4	9.58908E+2
1.02317E+4	9.59619E+2
1.02418E+4	9.60071E+2
1.02519E+4	9.60523E+2
1.02620E+4	9.61253E+2
1.02721E+4	9.62087E+2
1.02822E+4	9.62652E+2
1.02923E+4	9.63290E+2
1.03024E+4	9.63988E+2
1.03126E+4	9.64404E+2
1.03227E+4	9.64972E+2
1.03328E+4	9.65511E+2
1.03429E+4	9.66136E+2
1.03530E+4	9.66485E+2
1.03631E+4	9.66971E+2
1.03732E+4	9.67523E+2
1.03833E+4	9.68301E+2
1.03934E+4	9.68810E+2
1.04035E+4	9.69266E+2
1.04137E+4	9.69958E+2
1.04238E+4	9.70457E+2
1.04339E+4	9.70946E+2
1.04440E+4	9.71408E+2
1.04541E+4	9.72004E+2
1.04642E+4	9.72610E+2
1.04743E+4	9.73163E+2
1.04844E+4	9.73632E+2
1.04945E+4	9.74199E+2
1.05046E+4	9.74638E+2
1.05148E+4	9.75224E+2
1.05249E+4	9.75961E+2
1.05350E+4	9.76290E+2
1.05451E+4	9.76670E+2
1.05552E+4	9.77457E+2
1.05653E+4	9.78107E+2
1.05754E+4	9.78647E+2
1.05855E+4	9.79250E+2
1.05956E+4	9.79817E+2
1.06057E+4	9.80240E+2
1.06159E+4	9.80667E+2
1.06260E+4	9.81148E+2
1.06361E+4	9.81578E+2
1.06462E+4	9.82131E+2
1.06563E+4	9.82592E+2
1.06664E+4	9.83159E+2
1.06765E+4	9.83913E+2
1.06866E+4	9.84464E+2
1.06967E+4	9.84891E+2
1.07068E+4	9.85709E+2
1.07170E+4	9.86323E+2
1.07271E+4	9.86817E+2
1.07372E+4	9.87445E+2
1.07473E+4	9.87906E+2
1.07574E+4	9.88217E+2
1.07675E+4	9.88611E+2
1.07776E+4	9.88991E+2
1.07877E+4	9.89653E+2
1.07978E+4	9.90451E+2
1.08079E+4	9.91207E+2
1.08181E+4	9.91768E+2
1.08282E+4	9.92403E+2
1.08383E+4	9.92915E+2
1.08484E+4	9.93363E+2
1.08585E+4	9.93891E+2
1.08686E+4	9.94356E+2
1.08787E+4	9.94848E+2
1.08888E+4	9.95436E+2
1.08989E+4	9.96162E+2
1.09090E+4	9.96621E+2
1.09192E+4	9.97036E+2
1.09293E+4	9.97531E+2
1.09394E+4	9.97785E+2
1.09495E+4	9.98110E+2
1.09596E+4	9.98867E+2
1.09697E+4	9.99592E+2
1.09798E+4	1.00040E+3
1.09899E+4	1.00083E+3
1.10000E+4	1.00150E+3
1.10101E+4	1.00205E+3
1.10203E+4	1.00265E+3
1.10304E+4	1.00317E+3
1.10405E+4	1.00357E+3
1.10506E+4	1.00408E+3
1.10607E+4	1.00453E+3
1.10708E+4	1.00506E+3
1.10809E+4	1.00554E+3
1.10910E+4	1.00622E+3
1.11011E+4	1.00686E+3
1.11112E+4	1.00754E+3
1.11214E+4	1.00798E+3
1.11315E+4	1.00828E+3
1.11416E+4	1.00860E+3
1.11517E+4	1.00928E+3
1.11618E+4	1.01017E+3
1.11719E+4	1.01085E+3
1.11820E+4	1.01131E+3
1.11921E+4	1.01159E+3
1.12022E+4	1.01217E+3
1.12124E+4	1.01261E+3
1.12225E+4	1.01299E+3
1.12326E+4	1.01357E+3
1.12427E+4	1.01414E+3
1.12528E+4	1.01483E+3
1.12629E+4	1.01558E+3
1.12730E+4	1.01631E+3
1.12831E+4	1.01665E+3
1.12932E+4	1.01697E+3
1.13033E+4	1.01759E+3
1.13135E+4	1.01827E+3
1.13236E+4	1.01900E+3
1.13337E+4	1.01955E+3
1.13438E+4	1.01992E+3
1.13539E+4	1.02054E+3
1.13640E+4	1.02102E+3
1.13741E+4	1.02132E+3
1.13842E+4	1.02189E+3
1.13943E+4	1.02236E+3
1.14044E+4	1.02269E+3
1.14146E+4	1.02304E+3
1.14247E+4	1.02377E+3
1.14348E+4	1.02443E+3
1.14449E+4	1.02521E+3
1.14550E+4	1.02567E+3
1.14651E+4	1.02603E+3
1.14752E+4	1.02656E+3
1.14853E+4	1.02713E+3
1.14954E+4	1.02784E+3
1.15055E+4	1.02821E+3
1.15157E+4	1.02849E+3
1.15258E+4	1.02919E+3
1.15359E+4	1.02989E+3
1.15460E+4	1.03062E+3
1.15561E+4	1.03120E+3
1.15662E+4	1.03172E+3
1.15763E+4	1.03216E+3
1.15864E+4	1.03266E+3
1.15965E+4	1.03319E+3
1.16066E+4	1.03360E+3
1.16168E+4	1.03443E+3
1.16269E+4	1.03521E+3
1.16370E+4	1.03558E+3
1.16471E+4	1.03600E+3
1.16572E+4	1.03670E+3
1.16673E+4	1.03720E+3
1.16774E+4	1.03783E+3
1.16875E+4	1.03825E+3
1.16976E+4	1.03862E+3
1.17077E+4	1.03871E+3
1.17179E+4	1.03921E+3
1.17280E+4	1.04000E+3
1.17381E+4	1.04052E+3
1.17482E+4	1.04111E+3
1.17583E+4	1.04200E+3
1.17684E+4	1.04257E+3
1.17785E+4	1.04310E+3
1.17886E+4	1.04360E+3
1.17987E+4	1.04420E+3
1.18088E+4	1.04492E+3
1.18190E+4	1.04524E+3
1.18291E+4	1.04572E+3
1.18392E+4	1.04635E+3
1.18493E+4	1.04662E+3
1.18594E+4	1.04690E+3
1.18695E+4	1.04763E+3
1.18796E+4	1.04858E+3
1.18897E+4	1.04906E+3
1.18998E+4	1.04946E+3
1.19099E+4	1.04996E+3
1.19201E+4	1.05070E+3
1.19302E+4	1.05123E+3
1.19403E+4	1.05163E+3
1.19504E+4	1.05174E+3
1.19605E+4	1.05237E+3
1.19706E+4	1.05275E+3
1.19807E+4	1.05312E+3
1.19908E+4	1.05353E+3
1.20009E+4	1.05458E+3
1.20110E+4	1.05537E+3
1.20212E+4	1.05588E+3
1.20313E+4	1.05617E+3
1.20414E+4	1.05654E+3
1.20515E+4	1.05691E+3
1.20616E+4	1.05760E+3
1.20717E+4	1.05845E+3
1.20818E+4	1.05901E+3
1.20919E+4	1.05959E+3
1.21020E+4	1.06000E+3
1.21121E+4	1.06052E+3
1.21223E+4	1.06123E+3
1.21324E+4	1.06199E+3
1.21425E+4	1.06233E+3
1.21526E+4	1.06273E+3
1.21627E+4	1.06329E+3
1.21728E+4	1.06368E+3
1.21829E+4	1.06426E+3
1.21930E+4	1.06473E+3
1.22031E+4	1.06534E+3
1.22132E+4	1.06611E+3
1.22234E+4	1.06690E+3
1.22335E+4	1.06732E+3
1.22436E+4	1.06785E+3
1.22537E+4	1.06857E+3
1.22638E+4	1.06899E+3
1.22739E+4	1.06936E+3
1.22840E+4	1.07003E+3
1.22941E+4	1.07058E+3
1.23042E+4	1.07102E+3
1.23143E+4	1.07167E+3
1.23245E+4	1.07229E+3
1.23346E+4	1.07293E+3
1.23447E+4	1.07340E+3
1.23548E+4	1.07382E+3
1.23649E+4	1.07429E+3
1.23750E+4	1.07474E+3
1.23851E+4	1.07507E+3
1.23952E+4	1.07533E+3
1.24053E+4	1.07612E+3
1.24154E+4	1.07682E+3
1.24256E+4	1.07732E+3
1.24357E+4	1.07774E+3
1.24458E+4	1.07827E+3
1.24559E+4	1.07876E+3
1.24660E+4	1.07935E+3
1.24761E+4	1.07976E+3
1.24862E+4	1.08023E+3
1.24963E+4	1.08074E+3
1.25064E+4	1.08138E+3
1.25165E+4	1.08207E+3
1.25267E+4	1.08267E+3
1.25368E+4	1.08341E+3
1.25469E+4	1.08369E+3
1.25570E+4	1.08401E+3
1.25671E+4	1.08437E+3
1.25772E+4	1.08505E+3
1.25873E+4	1.08582E+3
1.25974E+4	1.08649E+3
1.26075E+4	1.08706E+3
1.26176E+4	1.08771E+3
1.26278E+4	1.08815E+3
1.26379E+4	1.08855E+3
1.26480E+4	1.08908E+3
1.26581E+4	1.08948E+3
1.26682E+4	1.08994E+3
1.26783E+4	1.09072E+3
1.26884E+4	1.09126E+3
1.26985E+4	1.09169E+3
1.27086E+4	1.09223E+3
1.27187E+4	1.09294E+3
1.27289E+4	1.09342E+3
1.27390E+4	1.09376E+3
1.27491E+4	1.09427E+3
1.27592E+4	1.09482E+3
1.27693E+4	1.09527E+3
1.27794E+4	1.09576E+3
1.27895E+4	1.09612E+3
1.27996E+4	1.09686E+3
1.28097E+4	1.09739E+3
1.28198E+4	1.09776E+3
1.28300E+4	1.09824E+3
1.28401E+4	1.09872E+3
1.28502E+4	1.09949E+3
1.28603E+4	1.10016E+3
1.28704E+4	1.10057E+3
1.28805E+4	1.10121E+3
1.28906E+4	1.10203E+3
1.29007E+4	1.10237E+3
1.29108E+4	1.10279E+3
1.29209E+4	1.10334E+3
1.29311E+4	1.10388E+3
1.29412E+4	1.10456E+3
1.29513E+4	1.10499E+3
1.29614E+4	1.10558E+3
1.29715E+4	1.10602E+3
1.29816E+4	1.10660E+3
1.29917E+4	1.10709E+3
1.30018E+4	1.10768E+3
1.30119E+4	1.10827E+3
1.30220E+4	1.10857E+3
1.30322E+4	1.10913E+3
1.30423E+4	1.10954E+3
1.30524E+4	1.11015E+3
1.30625E+4	1.11056E+3
1.30726E+4	1.11102E+3
1.30827E+4	1.11179E+3
1.30928E+4	1.11226E+3
1.31029E+4	1.11282E+3
1.31130E+4	1.11350E+3
1.31231E+4	1.11400E+3
1.31333E+4	1.11449E+3
1.31434E+4	1.11508E+3
1.31535E+4	1.11577E+3
1.31636E+4	1.11638E+3
1.31737E+4	1.11680E+3
1.31838E+4	1.11715E+3
1.31939E+4	1.11764E+3
1.32040E+4	1.11827E+3
1.32141E+4	1.11867E+3
1.32242E+4	1.11912E+3
1.32344E+4	1.11980E+3
1.32445E+4	1.12059E+3
1.32546E+4	1.12109E+3
1.32647E+4	1.12147E+3
1.32748E+4	1.12216E+3
1.32849E+4	1.12274E+3
1.32950E+4	1.12333E+3
1.33051E+4	1.12342E+3
1.33152E+4	1.12390E+3
1.33253E+4	1.12448E+3
1.33355E+4	1.12512E+3
1.33456E+4	1.12571E+3
1.33557E+4	1.12661E+3
1.33658E+4	1.12693E+3
1.33759E+4	1.12728E+3
1.33860E+4	1.12799E+3
1.33961E+4	1.12859E+3
1.34062E+4	1.12909E+3
1.34163E+4	1.12943E+3
1.34264E+4	1.13024E+3
1.34366E+4	1.13051E+3
1.34467E+4	1.13097E+3
1.34568E+4	1.13204E+3
1.34669E+4	1.13245E+3
1.34770E+4	1.13278E+3
1.34871E+4	1.13320E+3
1.34972E+4	1.13359E+3
1.35073E+4	1.13397E+3
1.35174E+4	1.13440E+3
1.35275E+4	1.13492E+3
1.35377E+4	1.13570E+3
1.35478E+4	1.13602E+3
1.35579E+4	1.13634E+3
1.35680E+4	1.13696E+3
1.35781E+4	1.13739E+3
1.35882E+4	1.13797E+3
1.35983E+4	1.13877E+3
1.36084E+4	1.13931E+3
1.36185E+4	1.13992E+3
1.36286E+4	1.14045E+3
1.36388E+4	1.14072E+3
1.36489E+4	1.14122E+3
1.36590E+4	1.14185E+3
1.36691E+4	1.14230E+3
1.36792E+4	1.14295E+3
1.36893E+4	1.14318E+3
1.36994E+4	1.14384E+3
1.37095E+4	1.14454E+3
1.37196E+4	1.14531E+3
1.37297E+4	1.14596E+3
1.37399E+4	1.14629E+3
1.37500E+4	1.14679E+3
1.37601E+4	1.14724E+3
1.37702E+4	1.14766E+3
1.37803E+4	1.14823E+3
1.37904E+4	1.14873E+3
1.38005E+4	1.14896E+3
1.38106E+4	1.14961E+3
1.38207E+4	1.15008E+3
1.38308E+4	1.15057E+3
1.38409E+4	1.15120E+3
1.38511E+4	1.15174E+3
1.38612E+4	1.15212E+3
1.38713E+4	1.15271E+3
1.38814E+4	1.15344E+3
1.38915E+4	1.15376E+3
1.39016E+4	1.15430E+3
1.39117E+4	1.15474E+3
1.39218E+4	1.15551E+3
1.39319E+4	1.15586E+3
1.39420E+4	1.15656E+3
1.39522E+4	1.15711E+3
1.39623E+4	1.15766E+3
1.39724E+4	1.15800E+3
1.39825E+4	1.15868E+3
1.39926E+4	1.15907E+3
1.40027E+4	1.15977E+3
1.40128E+4	1.16030E+3
1.40229E+4	1.16073E+3
1.40330E+4	1.16100E+3
1.40432E+4	1.16163E+3
1.40533E+4	1.16216E+3
1.40634E+4	1.16269E+3
1.40735E+4	1.16337E+3
1.40836E+4	1.16377E+3
1.40937E+4	1.16443E+3
1.41038E+4	1.16515E+3
1.41139E+4	1.16560E+3
1.41240E+4	1.16606E+3
1.41341E+4	1.16652E+3
1.41443E+4	1.16708E+3
1.41544E+4	1.16752E+3
1.41645E+4	1.16783E+3
1.41746E+4	1.16852E+3
1.41847E+4	1.16899E+3
1.41948E+4	1.16932E+3
1.42049E+4	1.17004E+3
1.42150E+4	1.17069E+3
1.42251E+4	1.17133E+3
1.42352E+4	1.17186E+3
1.42454E+4	1.17252E+3
1.42555E+4	1.17329E+3
1.42656E+4	1.17357E+3
1.42757E+4	1.17404E+3
1.42858E+4	1.17443E+3
1.42959E+4	1.17488E+3
1.43060E+4	1.17527E+3
1.43161E+4	1.17575E+3
1.43262E+4	1.17653E+3
1.43363E+4	1.17705E+3
1.43465E+4	1.17743E+3
1.43566E+4	1.17770E+3
1.43667E+4	1.17852E+3
1.43768E+4	1.17919E+3
1.43869E+4	1.17948E+3
1.43970E+4	1.18000E+3
1.44071E+4	1.18039E+3
1.44172E+4	1.18097E+3
1.44273E+4	1.18144E+3
1.44374E+4	1.18188E+3
1.44476E+4	1.18244E+3
1.44577E+4	1.18304E+3
1.44678E+4	1.18373E+3
1.44779E+4	1.18414E+3
1.44880E+4	1.18487E+3
1.44981E+4	1.18530E+3
1.45082E+4	1.18572E+3
1.45183E+4	1.18607E+3
1.45284E+4	1.18680E+3
1.45385E+4	1.18758E+3
1.45487E+4	1.18833E+3
1.45588E+4	1.18850E+3
1.45689E+4	1.18900E+3
1.45790E+4	1.18951E+3
1.45891E+4	1.19009E+3
1.45992E+4	1.19088E+3
1.46093E+4	1.19143E+3
1.46194E+4	1.19157E+3
1.46295E+4	1.19235E+3
1.46396E+4	1.19290E+3
1.46498E+4	1.19332E+3
1.46599E+4	1.19382E+3
1.46700E+4	1.19441E+3
1.46801E+4	1.19500E+3
1.46902E+4	1.19538E+3
1.47003E+4	1.19577E+3
1.47104E+4	1.19647E+3
1.47205E+4	1.19716E+3
1.47306E+4	1.19793E+3
1.47407E+4	1.19811E+3
1.47509E+4	1.19857E+3
1.47610E+4	1.19918E+3
1.47711E+4	1.19977E+3
1.47812E+4	1.20029E+3
1.47913E+4	1.20072E+3
1.48014E+4	1.20125E+3
1.48115E+4	1.20180E+3
1.48216E+4	1.20218E+3
1.48317E+4	1.20251E+3
1.48418E+4	1.20319E+3
1.48520E+4	1.20391E+3
1.48621E+4	1.20443E+3
1.48722E+4	1.20470E+3
1.48823E+4	1.20519E+3
1.48924E+4	1.20578E+3
1.49025E+4	1.20650E+3
1.49126E+4	1.20699E+3
1.49227E+4	1.20734E+3
1.49328E+4	1.20767E+3
1.49429E+4	1.20832E+3
1.49531E+4	1.20915E+3
1.49632E+4	1.20968E+3
1.49733E+4	1.21009E+3
1.49834E+4	1.21037E+3
1.49935E+4	1.21092E+3
1.50036E+4	1.21155E+3
1.50137E+4	1.21213E+3
1.50238E+4	1.21254E+3
1.50339E+4	1.21323E+3
1.50440E+4	1.21391E+3
1.50542E+4	1.21429E+3
1.50643E+4	1.21475E+3
1.50744E+4	1.21532E+3
1.50845E+4	1.21583E+3
1.50946E+4	1.21649E+3
1.51047E+4	1.21690E+3
1.51148E+4	1.21719E+3
1.51249E+4	1.21749E+3
1.51350E+4	1.21812E+3
1.51451E+4	1.21885E+3
1.51553E+4	1.21953E+3
1.51654E+4	1.21996E+3
1.51755E+4	1.22050E+3
1.51856E+4	1.22107E+3
1.51957E+4	1.22174E+3
1.52058E+4	1.22224E+3
1.52159E+4	1.22276E+3
1.52260E+4	1.22321E+3
1.52361E+4	1.22359E+3
1.52462E+4	1.22416E+3
1.52564E+4	1.22473E+3
1.52665E+4	1.22511E+3
1.52766E+4	1.22566E+3
1.52867E+4	1.22628E+3
1.52968E+4	1.22659E+3
1.53069E+4	1.22699E+3
1.53170E+4	1.22754E+3
1.53271E+4	1.22806E+3
1.53372E+4	1.22870E+3
1.53473E+4	1.22938E+3
1.53575E+4	1.22991E+3
1.53676E+4	1.23036E+3
1.53777E+4	1.23076E+3
1.53878E+4	1.23148E+3
1.53979E+4	1.23192E+3
1.54080E+4	1.23243E+3
1.54181E+4	1.23287E+3
1.54282E+4	1.23324E+3
1.54383E+4	1.23366E+3
1.54484E+4	1.23417E+3
1.54586E+4	1.23474E+3
1.54687E+4	1.23554E+3
1.54788E+4	1.23598E+3
1.54889E+4	1.23651E+3
1.54990E+4	1.23722E+3
1.55091E+4	1.23742E+3
1.55192E+4	1.23792E+3
1.55293E+4	1.23855E+3
1.55394E+4	1.23914E+3
1.55495E+4	1.23972E+3
1.55597E+4	1.24018E+3
1.55698E+4	1.24060E+3
1.55799E+4	1.24114E+3
1.55900E+4	1.24164E+3
1.56001E+4	1.24228E+3
1.56102E+4	1.24289E+3
1.56203E+4	1.24358E+3
1.56304E+4	1.24412E+3
1.56405E+4	1.24442E+3
1.56506E+4	1.24502E+3
1.56608E+4	1.24572E+3
1.56709E+4	1.24613E+3
1.56810E+4	1.24657E+3
1.56911E+4	1.24718E+3
1.57012E+4	1.24761E+3
1.57113E+4	1.24822E+3
1.57214E+4	1.24871E+3
1.57315E+4	1.24923E+3
1.57416E+4	1.24960E+3
1.57517E+4	1.24981E+3
1.57619E+4	1.25022E+3
1.57720E+4	1.25113E+3
1.57821E+4	1.25189E+3
1.57922E+4	1.25207E+3
1.58023E+4	1.25258E+3
1.58124E+4	1.25315E+3
1.58225E+4	1.25361E+3
1.58326E+4	1.25408E+3
1.58427E+4	1.25465E+3
1.58528E+4	1.25536E+3
1.58630E+4	1.25597E+3
1.58731E+4	1.25657E+3
1.58832E+4	1.25733E+3
1.58933E+4	1.25782E+3
1.59034E+4	1.25824E+3
1.59135E+4	1.25861E+3
1.59236E+4	1.25915E+3
1.59337E+4	1.25957E+3
1.59438E+4	1.26015E+3
1.59539E+4	1.26096E+3
1.59641E+4	1.26117E+3
1.59742E+4	1.26168E+3
1.59843E+4	1.26241E+3
1.59944E+4	1.26296E+3
1.60045E+4	1.26328E+3
1.60146E+4	1.26371E+3
1.60247E+4	1.26414E+3
1.60348E+4	1.26464E+3
1.60449E+4	1.26529E+3
1.60551E+4	1.26584E+3
1.60652E+4	1.26626E+3
1.60753E+4	1.26675E+3
1.60854E+4	1.26737E+3
1.60955E+4	1.26782E+3
1.61056E+4	1.26846E+3
1.61157E+4	1.26888E+3
1.61258E+4	1.26940E+3
1.61359E+4	1.26979E+3
1.61460E+4	1.27031E+3
1.61562E+4	1.27082E+3
1.61663E+4	1.27113E+3
1.61764E+4	1.27153E+3
1.61865E+4	1.27226E+3
1.61966E+4	1.27273E+3
1.62067E+4	1.27344E+3
1.62168E+4	1.27400E+3
1.62269E+4	1.27457E+3
1.62370E+4	1.27506E+3
1.62471E+4	1.27564E+3
1.62573E+4	1.27598E+3
1.62674E+4	1.27637E+3
1.62775E+4	1.27712E+3
1.62876E+4	1.27749E+3
1.62977E+4	1.27821E+3
1.63078E+4	1.27874E+3
1.63179E+4	1.27933E+3
1.63280E+4	1.27970E+3
1.63381E+4	1.27993E+3
1.63482E+4	1.28035E+3
1.63584E+4	1.28100E+3
1.63685E+4	1.28144E+3
1.63786E+4	1.28196E+3
1.63887E+4	1.28255E+3
1.63988E+4	1.28317E+3
1.64089E+4	1.28365E+3
1.64190E+4	1.28425E+3
1.64291E+4	1.28485E+3
1.64392E+4	1.28518E+3
1.64493E+4	1.28576E+3
1.64595E+4	1.28618E+3
1.64696E+4	1.28653E+3
1.64797E+4	1.28704E+3
1.64898E+4	1.28750E+3
1.64999E+4	1.28818E+3
1.65100E+4	1.28855E+3
1.65201E+4	1.28907E+3
1.65302E+4	1.28958E+3
1.65403E+4	1.29013E+3
1.65504E+4	1.29059E+3
1.65606E+4	1.29122E+3
1.65707E+4	1.29164E+3
1.65808E+4	1.29203E+3
1.65909E+4	1.29273E+3
1.66010E+4	1.29321E+3
1.66111E+4	1.29380E+3
1.66212E+4	1.29425E+3
1.66313E+4	1.29470E+3
1.66414E+4	1.29540E+3
1.66515E+4	1.29582E+3
1.66617E+4	1.29620E+3
1.66718E+4	1.29683E+3
1.66819E+4	1.29728E+3
1.66920E+4	1.29770E+3
1.67021E+4	1.29815E+3
1.67122E+4	1.29872E+3
1.67223E+4	1.29908E+3
1.67324E+4	1.29968E+3
1.67425E+4	1.30022E+3
1.67526E+4	1.30081E+3
1.67628E+4	1.30145E+3
1.67729E+4	1.30191E+3
1.67830E+4	1.30239E+3
1.67931E+4	1.30278E+3
1.68032E+4	1.30332E+3
1.68133E+4	1.30383E+3
1.68234E+4	1.30407E+3
1.68335E+4	1.30487E+3
1.68436E+4	1.30535E+3
1.68537E+4	1.30603E+3
1.68639E+4	1.30649E+3
1.68740E+4	1.30701E+3
1.68841E+4	1.30763E+3
1.68942E+4	1.30811E+3
1.69043E+4	1.30859E+3
1.69144E+4	1.30900E+3
1.69245E+4	1.30937E+3
1.69346E+4	1.30970E+3
1.69447E+4	1.31036E+3
1.69548E+4	1.31089E+3
1.69650E+4	1.31145E+3
1.69751E+4	1.31184E+3
1.69852E+4	1.31229E+3
1.69953E+4	1.31283E+3
1.70054E+4	1.31343E+3
1.70155E+4	1.31397E+3
1.70256E+4	1.31439E+3
1.70357E+4	1.31476E+3
1.70458E+4	1.31532E+3
1.70559E+4	1.31580E+3
1.70661E+4	1.31636E+3
1.70762E+4	1.31695E+3
1.70863E+4	1.31745E+3
1.70964E+4	1.31778E+3
1.71065E+4	1.31824E+3
1.71166E+4	1.31877E+3
1.71267E+4	1.31931E+3
1.71368E+4	1.32000E+3
1.71469E+4	1.32038E+3
1.71570E+4	1.32068E+3
1.71672E+4	1.32106E+3
1.71773E+4	1.32172E+3
1.71874E+4	1.32240E+3
1.71975E+4	1.32303E+3
1.72076E+4	1.32349E+3
1.72177E+4	1.32352E+3
1.72278E+4	1.32391E+3
1.72379E+4	1.32455E+3
1.72480E+4	1.32504E+3
1.72581E+4	1.32586E+3
1.72683E+4	1.32631E+3
1.72784E+4	1.32680E+3
1.72885E+4	1.32723E+3
1.72986E+4	1.32761E+3
1.73087E+4	1.32816E+3
1.73188E+4	1.32884E+3
1.73289E+4	1.32937E+3
1.73390E+4	1.32982E+3
1.73491E+4	1.33025E+3
1.73592E+4	1.33080E+3
1.73693E+4	1.33120E+3
1.73795E+4	1.33153E+3
1.73896E+4	1.33217E+3
1.73997E+4	1.33273E+3
1.74098E+4	1.33328E+3
1.74199E+4	1.33380E+3
1.74300E+4	1.33426E+3
1.74401E+4	1.33470E+3
1.74502E+4	1.33537E+3
1.74603E+4	1.33593E+3
1.74704E+4	1.33632E+3
1.74805E+4	1.33687E+3
1.74906E+4	1.33735E+3
1.75008E+4	1.33791E+3
1.75109E+4	1.33837E+3
1.75210E+4	1.33907E+3
1.75311E+4	1.33955E+3
1.75412E+4	1.33992E+3
1.75513E+4	1.34060E+3
1.75614E+4	1.34111E+3
1.75715E+4	1.34162E+3
1.75816E+4	1.34206E+3
1.75917E+4	1.34263E+3
1.76018E+4	1.34302E+3
1.76120E+4	1.34343E+3
1.76221E+4	1.34399E+3
1.76322E+4	1.34444E+3
1.76423E+4	1.34495E+3
1.76524E+4	1.34540E+3
1.76625E+4	1.34595E+3
1.76726E+4	1.34638E+3
1.76827E+4	1.34688E+3
1.76928E+4	1.34746E+3
1.77029E+4	1.34791E+3
1.77130E+4	1.34835E+3
1.77231E+4	1.34874E+3
1.77333E+4	1.34940E+3
1.77434E+4	1.35017E+3
1.77535E+4	1.35059E+3
1.77636E+4	1.35095E+3
1.77737E+4	1.35146E+3
1.77838E+4	1.35209E+3
1.77939E+4	1.35258E+3
1.78040E+4	1.35311E+3
1.78141E+4	1.35371E+3
1.78242E+4	1.35435E+3
1.78344E+4	1.35486E+3
1.78445E+4	1.35507E+3
1.78546E+4	1.35570E+3
1.78647E+4	1.35602E+3
1.78748E+4	1.35654E+3
1.78849E+4	1.35690E+3
1.78950E+4	1.35737E+3
1.79051E+4	1.35789E+3
1.79152E+4	1.35862E+3
1.79253E+4	1.35906E+3
1.79354E+4	1.35958E+3
1.79456E+4	1.36012E+3
1.79557E+4	1.36075E+3
1.79658E+4	1.36117E+3
1.79759E+4	1.36175E+3
1.79860E+4	1.36224E+3
1.79961E+4	1.36287E+3
1.80062E+4	1.36323E+3
1.80163E+4	1.36373E+3
1.80264E+4	1.36430E+3
1.80365E+4	1.36487E+3
1.80466E+4	1.36552E+3
1.80567E+4	1.36584E+3
1.80669E+4	1.36624E+3
1.80770E+4	1.36689E+3
1.80871E+4	1.36752E+3
1.80972E+4	1.36791E+3
1.81073E+4	1.36847E+3
1.81174E+4	1.36888E+3
1.81275E+4	1.36934E+3
1.81376E+4	1.36982E+3
1.81477E+4	1.37040E+3
1.81578E+4	1.37089E+3
1.81680E+4	1.37149E+3
1.81781E+4	1.37206E+3
1.81882E+4	1.37243E+3
1.81983E+4	1.37290E+3
1.82084E+4	1.37350E+3
1.82185E+4	1.37399E+3
1.82286E+4	1.37462E+3
1.82387E+4	1.37509E+3
1.82488E+4	1.37557E+3
1.82589E+4	1.37595E+3
1.82690E+4	1.37645E+3
1.82792E+4	1.37717E+3
1.82893E+4	1.37754E+3
1.82994E+4	1.37816E+3
1.83095E+4	1.37858E+3
1.83196E+4	1.37911E+3
1.83297E+4	1.37952E+3
1.83398E+4	1.38007E+3
1.83499E+4	1.38056E+3
1.83600E+4	1.38098E+3
1.83701E+4	1.38163E+3
1.83803E+4	1.38230E+3
1.83904E+4	1.38270E+3
1.84005E+4	1.38308E+3
1.84106E+4	1.38363E+3
1.84207E+4	1.38424E+3
1.84308E+4	1.38466E+3
1.84409E+4	1.38525E+3
1.84510E+4	1.38575E+3
1.84611E+4	1.38617E+3
1.84712E+4	1.38665E+3
1.84814E+4	1.38726E+3
1.84915E+4	1.38797E+3
1.85016E+4	1.38850E+3
1.85117E+4	1.38889E+3
1.85218E+4	1.38937E+3
1.85319E+4	1.39002E+3
1.85420E+4	1.39040E+3
1.85521E+4	1.39097E+3
1.85622E+4	1.39139E+3
1.85723E+4	1.39185E+3
1.85825E+4	1.39236E+3
1.85926E+4	1.39315E+3
1.86027E+4	1.39355E+3
1.86128E+4	1.39396E+3
1.86229E+4	1.39473E+3
1.86330E+4	1.39519E+3
1.86431E+4	1.39568E+3
1.86532E+4	1.39616E+3
1.86633E+4	1.39648E+3
1.86734E+4	1.39713E+3
1.86836E+4	1.39763E+3
1.86937E+4	1.39834E+3
1.87038E+4	1.39878E+3
1.87139E+4	1.39929E+3
1.87240E+4	1.39977E+3
1.87341E+4	1.40022E+3
1.87442E+4	1.40073E+3
1.87543E+4	1.40137E+3
1.87644E+4	1.40186E+3
1.87745E+4	1.40232E+3
1.87847E+4	1.40293E+3
1.87948E+4	1.40346E+3
1.88049E+4	1.40405E+3
1.88150E+4	1.40444E+3
1.88251E+4	1.40495E+3
1.88352E+4	1.40549E+3
1.88453E+4	1.40609E+3
1.88554E+4	1.40649E+3
1.88655E+4	1.40693E+3
1.88756E+4	1.40749E+3
1.88858E+4	1.40801E+3
1.88959E+4	1.40859E+3
1.89060E+4	1.40903E+3
1.89161E+4	1.40958E+3
1.89262E+4	1.41012E+3
1.89363E+4	1.41073E+3
1.89464E+4	1.41112E+3
1.89565E+4	1.41163E+3
1.89666E+4	1.41210E+3
1.89767E+4	1.41283E+3
1.89869E+4	1.41333E+3
1.89970E+4	1.41383E+3
1.90071E+4	1.41435E+3
1.90172E+4	1.41468E+3
1.90273E+4	1.41524E+3
1.90374E+4	1.41581E+3
1.90475E+4	1.41629E+3
1.90576E+4	1.41688E+3
1.90677E+4	1.41740E+3
1.90778E+4	1.41779E+3
1.90880E+4	1.41844E+3
1.90981E+4	1.41893E+3
1.91082E+4	1.41940E+3
1.91183E+4	1.41991E+3
1.91284E+4	1.42050E+3
1.91385E+4	1.42103E+3
1.91486E+4	1.42159E+3
1.91587E+4	1.42220E+3
1.91688E+4	1.42260E+3
1.91789E+4	1.42319E+3
1.91891E+4	1.42369E+3
1.91992E+4	1.42405E+3
1.92093E+4	1.42455E+3
1.92194E+4	1.42517E+3
1.92295E+4	1.42581E+3
1.92396E+4	1.42639E+3
1.92497E+4	1.42686E+3
1.92598E+4	1.42730E+3
1.92699E+4	1.42791E+3
1.92800E+4	1.42837E+3
1.92902E+4	1.42883E+3
1.93003E+4	1.42943E+3
1.93104E+4	1.42989E+3
1.93205E+4	1.43044E+3
1.93306E+4	1.43090E+3
1.93407E+4	1.43146E+3
1.93508E+4	1.43202E+3
1.93609E+4	1.43270E+3
1.93710E+4	1.43305E+3
1.93811E+4	1.43347E+3
1.93913E+4	1.43399E+3
1.94014E+4	1.43460E+3
1.94115E+4	1.43517E+3
1.94216E+4	1.43563E+3
1.94317E+4	1.43619E+3
1.94418E+4	1.43669E+3
1.94519E+4	1.43719E+3
1.94620E+4	1.43782E+3
1.94721E+4	1.43829E+3
1.94822E+4	1.43880E+3
1.94924E+4	1.43927E+3
1.95025E+4	1.43989E+3
1.95126E+4	1.44039E+3
1.95227E+4	1.44094E+3
1.95328E+4	1.44145E+3
1.95429E+4	1.44187E+3
1.95530E+4	1.44241E+3
1.95631E+4	1.44301E+3
1.95732E+4	1.44353E+3
1.95833E+4	1.44412E+3
1.95935E+4	1.44463E+3
1.96036E+4	1.44514E+3
1.96137E+4	1.44568E+3
1.96238E+4	1.44620E+3
1.96339E+4	1.44680E+3
1.96440E+4	1.44718E+3
1.96541E+4	1.44778E+3
1.96642E+4	1.44807E+3
1.96743E+4	1.44810E+3
1.96844E+4	1.44952E+3
1.96946E+4	1.44956E+3
1.97047E+4	1.44983E+3
1.97148E+4	1.45030E+3
1.97249E+4	1.45059E+3
1.97350E+4	1.45090E+3
1.97451E+4	1.45108E+3
1.97552E+4	1.45146E+3
1.97653E+4	1.45188E+3
1.97754E+4	1.45208E+3
1.97855E+4	1.45223E+3
1.97957E+4	1.45255E+3
1.98058E+4	1.45288E+3
1.98159E+4	1.45313E+3
1.98260E+4	1.45335E+3
1.98361E+4	1.45354E+3
1.98462E+4	1.45391E+3
1.98563E+4	1.45409E+3
1.98664E+4	1.45413E+3
1.98765E+4	1.45430E+3
1.98866E+4	1.45454E+3
1.98968E+4	1.45464E+3
1.99069E+4	1.45481E+3
1.99170E+4	1.45497E+3
1.99271E+4	1.45512E+3
1.99372E+4	1.45527E+3
1.99473E+4	1.45532E+3
1.99574E+4	1.45538E+3
1.99675E+4	1.45552E+3
1.99776E+4	1.45566E+3
1.99877E+4	1.45573E+3
1.99979E+4	1.45573E+3
2.00080E+4	1.45597E+3
2.00181E+4	1.45608E+3
2.00282E+4	1.45611E+3
2.00383E+4	1.45620E+3
2.00484E+4	1.45633E+3
2.00585E+4	1.45634E+3
2.00686E+4	1.45642E+3
2.00787E+4	1.45656E+3
2.00888E+4	1.45657E+3
2.00990E+4	1.45660E+3
2.01091E+4	1.45671E+3
2.01192E+4	1.45670E+3
2.01293E+4	1.45663E+3
2.01394E+4	1.45689E+3
2.01495E+4	1.45700E+3
2.01596E+4	1.45695E+3
2.01697E+4	1.45692E+3
2.01798E+4	1.45701E+3
2.01899E+4	1.45707E+3
2.02001E+4	1.45703E+3
2.02102E+4	1.45695E+3
2.02203E+4	1.45710E+3
2.02304E+4	1.45727E+3
2.02405E+4	1.45716E+3
2.02506E+4	1.45710E+3
2.02607E+4	1.45726E+3
2.02708E+4	1.45721E+3
2.02809E+4	1.45718E+3
2.02911E+4	1.45725E+3
2.03012E+4	1.45727E+3
2.03113E+4	1.45724E+3
2.03214E+4	1.45733E+3
2.03315E+4	1.45736E+3
2.03416E+4	1.45731E+3
2.03517E+4	1.45698E+3
2.03618E+4	1.45676E+3
2.03719E+4	1.45655E+3
2.03820E+4	1.45631E+3
2.03922E+4	1.45596E+3
2.04023E+4	1.45571E+3
2.04124E+4	1.45537E+3
2.04225E+4	1.45510E+3
2.04326E+4	1.45470E+3
2.04427E+4	1.45434E+3
2.04528E+4	1.45394E+3
2.04629E+4	1.45356E+3
2.04730E+4	1.45324E+3
2.04832E+4	1.45281E+3
2.04933E+4	1.45241E+3
2.05034E+4	1.45202E+3
2.05135E+4	1.45150E+3
2.05236E+4	1.45097E+3
2.05337E+4	1.45056E+3
2.05438E+4	1.45006E+3
2.05539E+4	1.44961E+3
2.05640E+4	1.44906E+3
2.05741E+4	1.44860E+3
2.05843E+4	1.44803E+3
2.05944E+4	1.44755E+3
2.06045E+4	1.44693E+3
2.06146E+4	1.44633E+3
2.06247E+4	1.44578E+3
2.06348E+4	1.44523E+3
2.06449E+4	1.44452E+3
2.06550E+4	1.44390E+3
2.06651E+4	1.44344E+3
2.06753E+4	1.44287E+3
2.06854E+4	1.44235E+3
2.06955E+4	1.44168E+3
2.07056E+4	1.44096E+3
2.07157E+4	1.44048E+3
2.07258E+4	1.43984E+3
2.07359E+4	1.43925E+3
2.07460E+4	1.43869E+3
2.07561E+4	1.43814E+3
2.07662E+4	1.43746E+3
2.07764E+4	1.43670E+3
2.07865E+4	1.43624E+3
2.07966E+4	1.43560E+3
2.08067E+4	1.43496E+3
2.08168E+4	1.43435E+3
2.08269E+4	1.43386E+3
2.08370E+4	1.43321E+3
2.08471E+4	1.43253E+3
2.08572E+4	1.43170E+3
2.08674E+4	1.43117E+3
2.08775E+4	1.43052E+3
2.08876E+4	1.42983E+3
2.08977E+4	1.42901E+3
2.09078E+4	1.42837E+3
2.09179E+4	1.42774E+3
2.09280E+4	1.42696E+3
2.09381E+4	1.42640E+3
2.09482E+4	1.42581E+3
2.09583E+4	1.42514E+3
2.09685E+4	1.42446E+3
2.09786E+4	1.42380E+3
2.09887E+4	1.42318E+3
2.09988E+4	1.42244E+3
2.10089E+4	1.42185E+3
2.10190E+4	1.42117E+3
2.10291E+4	1.42045E+3
2.10392E+4	1.41975E+3
2.10493E+4	1.41910E+3
2.10594E+4	1.41851E+3
2.10696E+4	1.41784E+3
2.10797E+4	1.41713E+3
2.10898E+4	1.41649E+3
2.10999E+4	1.41582E+3
2.11100E+4	1.41507E+3
2.11201E+4	1.41447E+3
2.11302E+4	1.41386E+3
2.11403E+4	1.41329E+3
2.11504E+4	1.41259E+3
2.11606E+4	1.41185E+3
2.11707E+4	1.41122E+3
2.11808E+4	1.41068E+3
2.11909E+4	1.41002E+3
2.12010E+4	1.40934E+3
2.12111E+4	1.40859E+3
2.12212E+4	1.40795E+3
2.12313E+4	1.40731E+3
2.12414E+4	1.40664E+3
2.12516E+4	1.40594E+3
2.12617E+4	1.40536E+3
2.12718E+4	1.40471E+3
2.12819E+4	1.40402E+3
2.12920E+4	1.40339E+3
2.13021E+4	1.40285E+3
2.13122E+4	1.40218E+3
2.13223E+4	1.40149E+3
2.13324E+4	1.40077E+3
2.13425E+4	1.40005E+3
2.13527E+4	1.39951E+3
2.13628E+4	1.39885E+3
2.13729E+4	1.39824E+3
2.13830E+4	1.39761E+3
2.13931E+4	1.39692E+3
2.14032E+4	1.39634E+3
2.14133E+4	1.39569E+3
2.14234E+4	1.39504E+3
2.14335E+4	1.39454E+3
2.14437E+4	1.39378E+3
2.14538E+4	1.39308E+3
2.14639E+4	1.39251E+3
2.14740E+4	1.39188E+3
2.14841E+4	1.39123E+3
2.14942E+4	1.39060E+3
2.15043E+4	1.38999E+3
2.15144E+4	1.38935E+3
2.15245E+4	1.38871E+3
2.15346E+4	1.38808E+3
2.15448E+4	1.38735E+3
2.15549E+4	1.38674E+3
2.15650E+4	1.38605E+3
2.15751E+4	1.38549E+3
2.15852E+4	1.38482E+3
2.15953E+4	1.38419E+3
2.16054E+4	1.38354E+3
2.16155E+4	1.38295E+3
2.16256E+4	1.38241E+3
2.16358E+4	1.38167E+3
2.16459E+4	1.38100E+3
2.16560E+4	1.38008E+3
2.16661E+4	1.37964E+3
2.16762E+4	1.37909E+3
2.16863E+4	1.37837E+3
2.16964E+4	1.37790E+3
2.17065E+4	1.37725E+3
2.17166E+4	1.37645E+3
2.17268E+4	1.37596E+3
2.17369E+4	1.37527E+3
2.17470E+4	1.37449E+3
2.17571E+4	1.37393E+3
2.17672E+4	1.37347E+3
2.17773E+4	1.37281E+3
2.17874E+4	1.37219E+3
2.17975E+4	1.37153E+3
2.18076E+4	1.37104E+3
2.18177E+4	1.37021E+3
2.18279E+4	1.36973E+3
2.18380E+4	1.36900E+3
2.18481E+4	1.36839E+3
2.18582E+4	1.36775E+3
2.18683E+4	1.36725E+3
2.18784E+4	1.36674E+3
2.18885E+4	1.36590E+3
2.18986E+4	1.36520E+3
2.19087E+4	1.36445E+3
2.19189E+4	1.36386E+3
2.19290E+4	1.36323E+3
2.19391E+4	1.36264E+3
2.19492E+4	1.36198E+3
2.19593E+4	1.36134E+3
2.19694E+4	1.36068E+3
2.19795E+4	1.36000E+3
2.19896E+4	1.35933E+3
2.19997E+4	1.35878E+3
2.20098E+4	1.35824E+3
2.20200E+4	1.35767E+3
2.20301E+4	1.35698E+3
2.20402E+4	1.35625E+3
2.20503E+4	1.35573E+3
2.20604E+4	1.35508E+3
2.20705E+4	1.35453E+3
2.20806E+4	1.35395E+3
2.20907E+4	1.35330E+3
2.21008E+4	1.35258E+3
2.21110E+4	1.35197E+3
2.21211E+4	1.35146E+3
2.21312E+4	1.35083E+3
2.21413E+4	1.35015E+3
2.21514E+4	1.34962E+3
2.21615E+4	1.34905E+3
2.21716E+4	1.34840E+3
2.21817E+4	1.34761E+3
2.21918E+4	1.34717E+3
2.22020E+4	1.34664E+3
2.22121E+4	1.34596E+3
2.22222E+4	1.34520E+3
2.22323E+4	1.34465E+3
2.22424E+4	1.34407E+3
2.22525E+4	1.34349E+3
2.22626E+4	1.34297E+3
2.22727E+4	1.34236E+3
2.22828E+4	1.34164E+3
2.22930E+4	1.34098E+3
2.23031E+4	1.34036E+3
2.23132E+4	1.33971E+3
2.23233E+4	1.33906E+3
2.23334E+4	1.33846E+3
2.23435E+4	1.33778E+3
2.23536E+4	1.33720E+3
2.23637E+4	1.33655E+3
2.23738E+4	1.33604E+3
2.23839E+4	1.33539E+3
2.23941E+4	1.33472E+3
2.24042E+4	1.33420E+3
2.24143E+4	1.33365E+3
2.24244E+4	1.33296E+3
2.24345E+4	1.33248E+3
2.24446E+4	1.33171E+3
2.24547E+4	1.33108E+3
2.24648E+4	1.33030E+3
2.24749E+4	1.32975E+3
2.24850E+4	1.32935E+3
2.24952E+4	1.32867E+3
2.25053E+4	1.32797E+3
2.25154E+4	1.32737E+3
2.25255E+4	1.32658E+3
2.25356E+4	1.32589E+3
2.25457E+4	1.32525E+3
2.25558E+4	1.32481E+3
2.25659E+4	1.32414E+3
2.25760E+4	1.32349E+3
2.25862E+4	1.32270E+3
2.25963E+4	1.32225E+3
2.26064E+4	1.32172E+3
2.26165E+4	1.32116E+3
2.26266E+4	1.32051E+3
2.26367E+4	1.31992E+3
2.26468E+4	1.31928E+3
2.26569E+4	1.31859E+3
2.26670E+4	1.31791E+3
2.26771E+4	1.31732E+3
2.26873E+4	1.31662E+3
2.26974E+4	1.31615E+3
2.27075E+4	1.31534E+3
2.27176E+4	1.31471E+3
2.27277E+4	1.31421E+3
2.27378E+4	1.31378E+3
2.27479E+4	1.31302E+3
2.27580E+4	1.31238E+3
2.27681E+4	1.31165E+3
2.27783E+4	1.31109E+3
2.27884E+4	1.31049E+3
2.27985E+4	1.30999E+3
2.28086E+4	1.30917E+3
2.28187E+4	1.30854E+3
2.28288E+4	1.30783E+3
2.28389E+4	1.30725E+3
2.28490E+4	1.30671E+3
2.28591E+4	1.30610E+3
2.28692E+4	1.30567E+3
2.28794E+4	1.30517E+3
2.28895E+4	1.30471E+3
2.28996E+4	1.30401E+3
2.29097E+4	1.30321E+3
2.29198E+4	1.30250E+3
2.29299E+4	1.30184E+3
2.29400E+4	1.30122E+3
2.29501E+4	1.30052E+3
2.29602E+4	1.30003E+3
2.29703E+4	1.29925E+3
2.29805E+4	1.29864E+3
2.29906E+4	1.29839E+3
2.30007E+4	1.29782E+3
2.30108E+4	1.29705E+3
2.30209E+4	1.29628E+3
2.30310E+4	1.29556E+3
2.30411E+4	1.29503E+3
2.30512E+4	1.29441E+3
2.30613E+4	1.29396E+3
2.30715E+4	1.29341E+3
2.30816E+4	1.29275E+3
2.30917E+4	1.29201E+3
2.31018E+4	1.29147E+3
2.31119E+4	1.29073E+3
2.31220E+4	1.29020E+3
2.31321E+4	1.28974E+3
2.31422E+4	1.28910E+3
2.31523E+4	1.28836E+3
2.31624E+4	1.28765E+3
2.31726E+4	1.28693E+3
2.31827E+4	1.28628E+3
2.31928E+4	1.28577E+3
2.32029E+4	1.28518E+3
2.32130E+4	1.28450E+3
2.32231E+4	1.28399E+3
2.32332E+4	1.28338E+3
2.32433E+4	1.28280E+3
2.32534E+4	1.28226E+3
2.32635E+4	1.28169E+3
2.32737E+4	1.28089E+3
2.32838E+4	1.28008E+3
2.32939E+4	1.27917E+3
2.33040E+4	1.27881E+3
2.33141E+4	1.27838E+3
2.33242E+4	1.27768E+3
2.33343E+4	1.27724E+3
2.33444E+4	1.27666E+3
2.33545E+4	1.27604E+3
2.33647E+4	1.27528E+3
2.33748E+4	1.27481E+3
2.33849E+4	1.27423E+3
2.33950E+4	1.27369E+3
2.34051E+4	1.27293E+3
2.34152E+4	1.27227E+3
2.34253E+4	1.27159E+3
2.34354E+4	1.27104E+3
2.34455E+4	1.27055E+3
2.34556E+4	1.26976E+3
2.34658E+4	1.26904E+3
2.34759E+4	1.26838E+3
2.34860E+4	1.26774E+3
2.34961E+4	1.26707E+3
2.35062E+4	1.26661E+3
2.35163E+4	1.26593E+3
2.35264E+4	1.26528E+3
2.35365E+4	1.26466E+3
2.35466E+4	1.26407E+3
2.35568E+4	1.26327E+3
2.35669E+4	1.26270E+3
2.35770E+4	1.26194E+3
2.35871E+4	1.26122E+3
2.35972E+4	1.26102E+3
2.36073E+4	1.26033E+3
2.36174E+4	1.25973E+3
2.36275E+4	1.25902E+3
2.36376E+4	1.25814E+3
2.36477E+4	1.25754E+3
2.36579E+4	1.25693E+3
2.36680E+4	1.25631E+3
2.36781E+4	1.25584E+3
2.36882E+4	1.25526E+3
2.36983E+4	1.25462E+3
2.37084E+4	1.25403E+3
2.37185E+4	1.25337E+3
2.37286E+4	1.25287E+3
2.37387E+4	1.25219E+3
2.37489E+4	1.25158E+3
2.37590E+4	1.25090E+3
2.37691E+4	1.25044E+3
2.37792E+4	1.24964E+3
2.37893E+4	1.24904E+3
2.37994E+4	1.24866E+3
2.38095E+4	1.24814E+3
2.38196E+4	1.24740E+3
2.38297E+4	1.24654E+3
2.38399E+4	1.24595E+3
2.38500E+4	1.24541E+3
2.38601E+4	1.24484E+3
2.38702E+4	1.24425E+3
2.38803E+4	1.24345E+3
2.38904E+4	1.24284E+3
2.39005E+4	1.24243E+3
2.39106E+4	1.24166E+3
2.39207E+4	1.24112E+3
2.39308E+4	1.24055E+3
2.39410E+4	1.23991E+3
2.39511E+4	1.23904E+3
2.39612E+4	1.23851E+3
2.39713E+4	1.23791E+3
2.39814E+4	1.23733E+3
2.39915E+4	1.23685E+3
2.40016E+4	1.23635E+3
2.40117E+4	1.23555E+3
2.40218E+4	1.23516E+3
2.40320E+4	1.23437E+3
2.40421E+4	1.23357E+3
2.40522E+4	1.23305E+3
2.40623E+4	1.23246E+3
2.40724E+4	1.23164E+3
2.40825E+4	1.23108E+3
2.40926E+4	1.23033E+3
2.41027E+4	1.22974E+3
2.41128E+4	1.22914E+3
2.41229E+4	1.22859E+3
2.41331E+4	1.22794E+3
2.41432E+4	1.22740E+3
2.41533E+4	1.22684E+3
2.41634E+4	1.22631E+3
2.41735E+4	1.22573E+3
2.41836E+4	1.22495E+3
2.41937E+4	1.22420E+3
2.42038E+4	1.22363E+3
2.42139E+4	1.22306E+3
2.42240E+4	1.22250E+3
2.42342E+4	1.22197E+3
2.42443E+4	1.22136E+3
2.42544E+4	1.22057E+3
2.42645E+4	1.21990E+3
2.42746E+4	1.21922E+3
2.42847E+4	1.21861E+3
2.42948E+4	1.21814E+3
2.43049E+4	1.21747E+3
2.43150E+4	1.21685E+3
2.43252E+4	1.21640E+3
2.43353E+4	1.21573E+3
2.43454E+4	1.21518E+3
2.43555E+4	1.21437E+3
2.43656E+4	1.21350E+3
2.43757E+4	1.21255E+3
2.43858E+4	1.21207E+3
2.43959E+4	1.21173E+3
2.44060E+4	1.21116E+3
2.44161E+4	1.21046E+3
2.44263E+4	1.20975E+3
2.44364E+4	1.20909E+3
2.44465E+4	1.20859E+3
2.44566E+4	1.20788E+3
2.44667E+4	1.20748E+3
2.44768E+4	1.20677E+3
2.44869E+4	1.20594E+3
2.44970E+4	1.20525E+3
2.45071E+4	1.20487E+3
2.45173E+4	1.20447E+3
2.45274E+4	1.20378E+3
2.45375E+4	1.20307E+3
2.45476E+4	1.20240E+3
2.45577E+4	1.20164E+3
2.45678E+4	1.20107E+3
2.45779E+4	1.20045E+3
2.45880E+4	1.19971E+3
2.45981E+4	1.19927E+3
2.46082E+4	1.19866E+3
2.46184E+4	1.19787E+3
2.46285E+4	1.19733E+3
2.46386E+4	1.19666E+3
2.46487E+4	1.19600E+3
2.46588E+4	1.19545E+3
2.46689E+4	1.19496E+3
2.46790E+4	1.19454E+3
2.46891E+4	1.19395E+3
2.46992E+4	1.19316E+3
2.47094E+4	1.19260E+3
2.47195E+4	1.19176E+3
2.47296E+4	1.19110E+3
2.47397E+4	1.19036E+3
2.47498E+4	1.19000E+3
2.47599E+4	1.18931E+3
2.47700E+4	1.18878E+3
2.47801E+4	1.18792E+3
2.47902E+4	1.18718E+3
2.48003E+4	1.18650E+3
2.48105E+4	1.18602E+3
2.48206E+4	1.18557E+3
2.48307E+4	1.18489E+3
2.48408E+4	1.18417E+3
2.48509E+4	1.18350E+3
2.48610E+4	1.18283E+3
2.48711E+4	1.18260E+3
2.48812E+4	1.18190E+3
2.48913E+4	1.18119E+3
2.49015E+4	1.18090E+3
2.49116E+4	1.18026E+3
2.49217E+4	1.17949E+3
2.49318E+4	1.17877E+3
2.49419E+4	1.17829E+3
2.49520E+4	1.17765E+3
2.49621E+4	1.17688E+3
2.49722E+4	1.17610E+3
2.49823E+4	1.17542E+3
2.49924E+4	1.17514E+3
2.50026E+4	1.17448E+3
2.50127E+4	1.17365E+3
2.50228E+4	1.17302E+3
2.50329E+4	1.17236E+3
2.50430E+4	1.17155E+3
2.50531E+4	1.17101E+3
2.50632E+4	1.17028E+3
2.50733E+4	1.16959E+3
2.50834E+4	1.16909E+3
2.50935E+4	1.16861E+3
2.51037E+4	1.16786E+3
2.51138E+4	1.16707E+3
2.51239E+4	1.16632E+3
2.51340E+4	1.16581E+3
2.51441E+4	1.16514E+3
2.51542E+4	1.16435E+3
2.51643E+4	1.16380E+3
2.51744E+4	1.16317E+3
2.51845E+4	1.16275E+3
2.51947E+4	1.16211E+3
2.52048E+4	1.16140E+3
2.52149E+4	1.16064E+3
2.52250E+4	1.16004E+3
2.52351E+4	1.15947E+3
2.52452E+4	1.15885E+3
2.52553E+4	1.15826E+3
2.52654E+4	1.15763E+3
2.52755E+4	1.15704E+3
2.52856E+4	1.15648E+3
2.52958E+4	1.15565E+3
2.53059E+4	1.15515E+3
2.53160E+4	1.15471E+3
2.53261E+4	1.15389E+3
2.53362E+4	1.15318E+3
2.53463E+4	1.15269E+3
2.53564E+4	1.15212E+3
2.53665E+4	1.15158E+3
2.53766E+4	1.15079E+3
2.53867E+4	1.15030E+3
2.53969E+4	1.14971E+3
2.54070E+4	1.14911E+3
2.54171E+4	1.14831E+3
2.54272E+4	1.14757E+3
2.54373E+4	1.14674E+3
2.54474E+4	1.14647E+3
2.54575E+4	1.14592E+3
2.54676E+4	1.14521E+3
2.54777E+4	1.14443E+3
2.54878E+4	1.14393E+3
2.54980E+4	1.14316E+3
2.55081E+4	1.14265E+3
2.55182E+4	1.14210E+3
2.55283E+4	1.14129E+3
2.55384E+4	1.14025E+3
2.55485E+4	1.13963E+3
2.55586E+4	1.13914E+3
2.55687E+4	1.13855E+3
2.55788E+4	1.13794E+3
2.55889E+4	1.13727E+3
2.55991E+4	1.13654E+3
2.56092E+4	1.13588E+3
2.56193E+4	1.13549E+3
2.56294E+4	1.13513E+3
2.56395E+4	1.13451E+3
2.56496E+4	1.13368E+3
2.56597E+4	1.13306E+3
2.56698E+4	1.13251E+3
2.56799E+4	1.13191E+3
2.56901E+4	1.13128E+3
2.57002E+4	1.13058E+3
2.57103E+4	1.12998E+3
2.57204E+4	1.12953E+3
2.57305E+4	1.12890E+3
2.57406E+4	1.12823E+3
2.57507E+4	1.12765E+3
2.57608E+4	1.12688E+3
2.57709E+4	1.12608E+3
2.57810E+4	1.12556E+3
2.57912E+4	1.12498E+3
2.58013E+4	1.12437E+3
2.58114E+4	1.12385E+3
2.58215E+4	1.12343E+3
2.58316E+4	1.12252E+3
2.58417E+4	1.12185E+3
2.58518E+4	1.12097E+3
2.58619E+4	1.12024E+3
2.58720E+4	1.11979E+3
2.58822E+4	1.11917E+3
2.58923E+4	1.11857E+3
2.59024E+4	1.11797E+3
2.59125E+4	1.11726E+3
2.59226E+4	1.11668E+3
2.59327E+4	1.11622E+3
2.59428E+4	1.11573E+3
2.59529E+4	1.11513E+3
2.59630E+4	1.11441E+3
2.59732E+4	1.11359E+3
2.59833E+4	1.11282E+3
2.59934E+4	1.11196E+3
2.60035E+4	1.11142E+3
2.60136E+4	1.11095E+3
2.60237E+4	1.11001E+3
2.60338E+4	1.10944E+3
2.60439E+4	1.10888E+3
2.60540E+4	1.10831E+3
2.60641E+4	1.10777E+3
2.60743E+4	1.10701E+3
2.60844E+4	1.10642E+3
2.60945E+4	1.10575E+3
2.61046E+4	1.10516E+3
2.61147E+4	1.10437E+3
2.61248E+4	1.10345E+3
2.61349E+4	1.10282E+3
2.61450E+4	1.10241E+3
2.61551E+4	1.10205E+3
2.61652E+4	1.10141E+3
2.61754E+4	1.10066E+3
2.61855E+4	1.09990E+3
2.61956E+4	1.09921E+3
2.62057E+4	1.09851E+3
2.62158E+4	1.09792E+3
2.62259E+4	1.09737E+3
2.62360E+4	1.09672E+3
2.62461E+4	1.09634E+3
2.62562E+4	1.09553E+3
2.62664E+4	1.09493E+3
2.62765E+4	1.09435E+3
2.62866E+4	1.09369E+3
2.62967E+4	1.09308E+3
2.63068E+4	1.09246E+3
2.63169E+4	1.09164E+3
2.63270E+4	1.09080E+3
2.63371E+4	1.09017E+3
2.63472E+4	1.08966E+3
2.63573E+4	1.08885E+3
2.63675E+4	1.08835E+3
2.63776E+4	1.08789E+3
2.63877E+4	1.08724E+3
2.63978E+4	1.08648E+3
2.64079E+4	1.08577E+3
2.64180E+4	1.08501E+3
2.64281E+4	1.08426E+3
2.64382E+4	1.08343E+3
2.64483E+4	1.08282E+3
2.64584E+4	1.08239E+3
2.64686E+4	1.08188E+3
2.64787E+4	1.08130E+3
2.64888E+4	1.08044E+3
2.64989E+4	1.07968E+3
2.65090E+4	1.07923E+3
2.65191E+4	1.07852E+3
2.65292E+4	1.07779E+3
2.65393E+4	1.07706E+3
2.65494E+4	1.07634E+3
2.65596E+4	1.07586E+3
2.65697E+4	1.07530E+3
2.65798E+4	1.07479E+3
2.65899E+4	1.07426E+3
2.66000E+4	1.07364E+3
2.66101E+4	1.07312E+3
2.66202E+4	1.07235E+3
2.66303E+4	1.07144E+3
2.66404E+4	1.07067E+3
2.66505E+4	1.07041E+3
2.66607E+4	1.06970E+3
2.66708E+4	1.06897E+3
2.66809E+4	1.06851E+3
2.66910E+4	1.06777E+3
2.67011E+4	1.06710E+3
2.67112E+4	1.06644E+3
2.67213E+4	1.06561E+3
2.67314E+4	1.06497E+3
2.67415E+4	1.06437E+3
2.67517E+4	1.06393E+3
2.67618E+4	1.06338E+3
2.67719E+4	1.06248E+3
2.67820E+4	1.06171E+3
2.67921E+4	1.06113E+3
2.68022E+4	1.06043E+3
2.68123E+4	1.05984E+3
2.68224E+4	1.05946E+3
2.68325E+4	1.05886E+3
2.68426E+4	1.05794E+3
2.68528E+4	1.05714E+3
2.68629E+4	1.05644E+3
2.68730E+4	1.05589E+3
2.68831E+4	1.05527E+3
2.68932E+4	1.05459E+3
2.69033E+4	1.05395E+3
2.69134E+4	1.05355E+3
2.69235E+4	1.05301E+3
2.69336E+4	1.05238E+3
2.69438E+4	1.05172E+3
2.69539E+4	1.05102E+3
2.69640E+4	1.05024E+3
2.69741E+4	1.04955E+3
2.69842E+4	1.04875E+3
2.69943E+4	1.04813E+3
2.70044E+4	1.04756E+3
2.70145E+4	1.04688E+3
2.70246E+4	1.04622E+3
2.70347E+4	1.04558E+3
2.70449E+4	1.04498E+3
2.70550E+4	1.04446E+3
2.70651E+4	1.04379E+3
2.70752E+4	1.04305E+3
2.70853E+4	1.04230E+3
2.70954E+4	1.04171E+3
2.71055E+4	1.04117E+3
2.71156E+4	1.04062E+3
2.71257E+4	1.04002E+3
2.71359E+4	1.03952E+3
2.71460E+4	1.03890E+3
2.71561E+4	1.03818E+3
2.71662E+4	1.03742E+3
2.71763E+4	1.03667E+3
2.71864E+4	1.03612E+3
2.71965E+4	1.03557E+3
2.72066E+4	1.03506E+3
2.72167E+4	1.03416E+3
2.72268E+4	1.03352E+3
2.72370E+4	1.03287E+3
2.72471E+4	1.03216E+3
2.72572E+4	1.03165E+3
2.72673E+4	1.03111E+3
2.72774E+4	1.03041E+3
2.72875E+4	1.02977E+3
2.72976E+4	1.02913E+3
2.73077E+4	1.02826E+3
2.73178E+4	1.02755E+3
2.73280E+4	1.02692E+3
2.73381E+4	1.02642E+3
2.73482E+4	1.02578E+3
2.73583E+4	1.02513E+3
2.73684E+4	1.02460E+3
2.73785E+4	1.02413E+3
2.73886E+4	1.02353E+3
2.73987E+4	1.02277E+3
2.74088E+4	1.02213E+3
2.74189E+4	1.02142E+3
2.74291E+4	1.02065E+3
2.74392E+4	1.01996E+3
2.74493E+4	1.01906E+3
2.74594E+4	1.01855E+3
2.74695E+4	1.01817E+3
2.74796E+4	1.01766E+3
2.74897E+4	1.01698E+3
2.74998E+4	1.01609E+3
2.75099E+4	1.01539E+3
2.75201E+4	1.01475E+3
2.75302E+4	1.01414E+3
2.75403E+4	1.01357E+3
2.75504E+4	1.01290E+3
2.75605E+4	1.01230E+3
2.75706E+4	1.01154E+3
2.75807E+4	1.01088E+3
2.75908E+4	1.01024E+3
2.76009E+4	1.00955E+3
2.76110E+4	1.00885E+3
2.76212E+4	1.00803E+3
2.76313E+4	1.00744E+3
2.76414E+4	1.00701E+3
2.76515E+4	1.00641E+3
2.76616E+4	1.00557E+3
2.76717E+4	1.00493E+3
2.76818E+4	1.00446E+3
2.76919E+4	1.00395E+3
2.77020E+4	1.00334E+3
2.77122E+4	1.00270E+3
2.77223E+4	1.00180E+3
2.77324E+4	1.00101E+3
2.77425E+4	1.00054E+3
2.77526E+4	1.00003E+3
2.77627E+4	9.99345E+2
2.77728E+4	9.98666E+2
2.77829E+4	9.98023E+2
2.77930E+4	9.97421E+2
2.78031E+4	9.96755E+2
2.78133E+4	9.95935E+2
2.78234E+4	9.95203E+2
2.78335E+4	9.94427E+2
2.78436E+4	9.93561E+2
2.78537E+4	9.92839E+2
2.78638E+4	9.92334E+2
2.78739E+4	9.91713E+2
2.78840E+4	9.91294E+2
2.78941E+4	9.90887E+2
2.79043E+4	9.90148E+2
2.79144E+4	9.89404E+2
2.79245E+4	9.88528E+2
2.79346E+4	9.87971E+2
2.79447E+4	9.87429E+2
2.79548E+4	9.86858E+2
2.79649E+4	9.86241E+2
2.79750E+4	9.85620E+2
2.79851E+4	9.85060E+2
2.79952E+4	9.84552E+2
2.80054E+4	9.83958E+2
2.80155E+4	9.83374E+2
2.80256E+4	9.82570E+2
2.80357E+4	9.81793E+2
2.80458E+4	9.81306E+2
2.80559E+4	9.80749E+2
2.80660E+4	9.80122E+2
2.80761E+4	9.79239E+2
2.80862E+4	9.78465E+2
2.80964E+4	9.78045E+2
2.81065E+4	9.77536E+2
2.81166E+4	9.76862E+2
2.81267E+4	9.76096E+2
2.81368E+4	9.75392E+2
2.81469E+4	9.74730E+2
2.81570E+4	9.73964E+2
2.81671E+4	9.73235E+2
2.81772E+4	9.72482E+2
2.81873E+4	9.72019E+2
2.81974E+4	9.71413E+2
2.82076E+4	9.70555E+2
2.82177E+4	9.69716E+2
2.82278E+4	9.69187E+2
2.82379E+4	9.68671E+2
2.82480E+4	9.68112E+2
2.82581E+4	9.67524E+2
2.82682E+4	9.66932E+2
2.82783E+4	9.66386E+2
2.82884E+4	9.65645E+2
2.82985E+4	9.65106E+2
2.83087E+4	9.64571E+2
2.83188E+4	9.63953E+2
2.83289E+4	9.63082E+2
2.83390E+4	9.62347E+2
2.83491E+4	9.61739E+2
2.83592E+4	9.61258E+2
2.83693E+4	9.60713E+2
2.83794E+4	9.60055E+2
2.83895E+4	9.59308E+2
2.83996E+4	9.58345E+2
2.84098E+4	9.57608E+2
2.84199E+4	9.57004E+2
2.84300E+4	9.56380E+2
2.84401E+4	9.55815E+2
2.84502E+4	9.55265E+2
2.84603E+4	9.54547E+2
2.84704E+4	9.53848E+2
2.84805E+4	9.53108E+2
2.84906E+4	9.52577E+2
2.85008E+4	9.51881E+2
2.85109E+4	9.51055E+2
2.85210E+4	9.50421E+2
2.85311E+4	9.50044E+2
2.85412E+4	9.49421E+2
2.85513E+4	9.48681E+2
2.85614E+4	9.47909E+2
2.85715E+4	9.47421E+2
2.85816E+4	9.46931E+2
2.85917E+4	9.46245E+2
2.86019E+4	9.45636E+2
2.86120E+4	9.45020E+2
2.86221E+4	9.44311E+2
2.86322E+4	9.43662E+2
2.86423E+4	9.42983E+2
2.86524E+4	9.42308E+2
2.86625E+4	9.41480E+2
2.86726E+4	9.40686E+2
2.86827E+4	9.40140E+2
2.86928E+4	9.39551E+2
2.87030E+4	9.39055E+2
2.87131E+4	9.38346E+2
2.87232E+4	9.37708E+2
2.87333E+4	9.37175E+2
2.87434E+4	9.36524E+2
2.87535E+4	9.35885E+2
2.87636E+4	9.35178E+2
2.87737E+4	9.34599E+2
2.87838E+4	9.33968E+2
2.87940E+4	9.33283E+2
2.88041E+4	9.32553E+2
2.88142E+4	9.31803E+2
2.88243E+4	9.30980E+2
2.88344E+4	9.30359E+2
2.88445E+4	9.29975E+2
2.88546E+4	9.29605E+2
2.88647E+4	9.28931E+2
2.88748E+4	9.28126E+2
2.88849E+4	9.27373E+2
2.88951E+4	9.26626E+2
2.89052E+4	9.26009E+2
2.89153E+4	9.25368E+2
2.89254E+4	9.24803E+2
2.89355E+4	9.24027E+2
2.89456E+4	9.23354E+2
2.89557E+4	9.22661E+2
2.89658E+4	9.21787E+2
2.89759E+4	9.21021E+2
2.89860E+4	9.20454E+2
2.89962E+4	9.19989E+2
2.90063E+4	9.19458E+2
2.90164E+4	9.18979E+2
2.90265E+4	9.18326E+2
2.90366E+4	9.17446E+2
2.90467E+4	9.16668E+2
2.90568E+4	9.15906E+2
2.90669E+4	9.15210E+2
2.90770E+4	9.14789E+2
2.90872E+4	9.14106E+2
2.90973E+4	9.13444E+2
2.91074E+4	9.12949E+2
2.91175E+4	9.12354E+2
2.91276E+4	9.11629E+2
2.91377E+4	9.10854E+2
2.91478E+4	9.10235E+2
2.91579E+4	9.09556E+2
2.91680E+4	9.08803E+2
2.91781E+4	9.07972E+2
2.91883E+4	9.07337E+2
2.91984E+4	9.06781E+2
2.92085E+4	9.06257E+2
2.92186E+4	9.05816E+2
2.92287E+4	9.05181E+2
2.92388E+4	9.04520E+2
2.92489E+4	9.03799E+2
2.92590E+4	9.03101E+2
2.92691E+4	9.02578E+2
2.92792E+4	9.01950E+2
2.92894E+4	9.01305E+2
2.92995E+4	9.00699E+2
2.93096E+4	8.99897E+2
2.93197E+4	8.99095E+2
2.93298E+4	8.98431E+2
2.93399E+4	8.97737E+2
2.93500E+4	8.97076E+2
2.93601E+4	8.96382E+2
2.93702E+4	8.95752E+2
2.93803E+4	8.94992E+2
2.93905E+4	8.94450E+2
2.94006E+4	8.93957E+2
2.94107E+4	8.93428E+2
2.94208E+4	8.92722E+2
2.94309E+4	8.91913E+2
2.94410E+4	8.91197E+2
2.94511E+4	8.90643E+2
2.94612E+4	8.90058E+2
2.94713E+4	8.89220E+2
2.94815E+4	8.88504E+2
2.94916E+4	8.87959E+2
2.95017E+4	8.87404E+2
2.95118E+4	8.86735E+2
2.95219E+4	8.86055E+2
2.95320E+4	8.85401E+2
2.95421E+4	8.84719E+2
2.95522E+4	8.83967E+2
2.95623E+4	8.83357E+2
2.95725E+4	8.82746E+2
2.95826E+4	8.82067E+2
2.95927E+4	8.81299E+2
2.96028E+4	8.80584E+2
2.96129E+4	8.80023E+2
2.96230E+4	8.79422E+2
2.96331E+4	8.78872E+2
2.96432E+4	8.78393E+2
2.96533E+4	8.77864E+2
2.96634E+4	8.77252E+2
2.96736E+4	8.76514E+2
2.96837E+4	8.75871E+2
2.96938E+4	8.75290E+2
2.97039E+4	8.74618E+2
2.97140E+4	8.73873E+2
2.97241E+4	8.73113E+2
2.97342E+4	8.72362E+2
2.97443E+4	8.71549E+2
2.97544E+4	8.70883E+2
2.97645E+4	8.70274E+2
2.97747E+4	8.69801E+2
2.97848E+4	8.69241E+2
2.97949E+4	8.68527E+2
2.98050E+4	8.67806E+2
2.98151E+4	8.67068E+2
2.98252E+4	8.66449E+2
2.98353E+4	8.65931E+2
2.98454E+4	8.65325E+2
2.98555E+4	8.64821E+2
2.98656E+4	8.64182E+2
2.98758E+4	8.63477E+2
2.98859E+4	8.62832E+2
2.98960E+4	8.62160E+2
2.99061E+4	8.61554E+2
2.99162E+4	8.60974E+2
2.99263E+4	8.60237E+2
2.99364E+4	8.59576E+2
2.99465E+4	8.58960E+2
2.99566E+4	8.58315E+2
2.99668E+4	8.57513E+2
2.99769E+4	8.56681E+2
2.99870E+4	8.55898E+2
2.99971E+4	8.55280E+2
3.00072E+4	8.54690E+2
3.00173E+4	8.54160E+2
3.00274E+4	8.53489E+2
3.00375E+4	8.52781E+2
3.00476E+4	8.52032E+2
3.00578E+4	8.51295E+2
3.00679E+4	8.50673E+2
3.00780E+4	8.50057E+2
3.00881E+4	8.49448E+2
3.00982E+4	8.48912E+2
3.01083E+4	8.48326E+2
3.01184E+4	8.47438E+2
3.01285E+4	8.46748E+2
3.01386E+4	8.46051E+2
3.01487E+4	8.45367E+2
3.01588E+4	8.44726E+2
3.01690E+4	8.44159E+2
3.01791E+4	8.43646E+2
3.01892E+4	8.43066E+2
3.01993E+4	8.42366E+2
3.02094E+4	8.41669E+2
3.02195E+4	8.40982E+2
3.02296E+4	8.40397E+2
3.02397E+4	8.39752E+2
3.02498E+4	8.39101E+2
3.02600E+4	8.38505E+2
3.02701E+4	8.37867E+2
3.02802E+4	8.37259E+2
3.02903E+4	8.36798E+2
3.03004E+4	8.36111E+2
3.03105E+4	8.35273E+2
3.03206E+4	8.34347E+2
3.03307E+4	8.33500E+2
3.03408E+4	8.32790E+2
3.03509E+4	8.32148E+2
3.03611E+4	8.31533E+2
3.03712E+4	8.31039E+2
3.03813E+4	8.30549E+2
3.03914E+4	8.30019E+2
3.04015E+4	8.29345E+2
3.04116E+4	8.28547E+2
3.04217E+4	8.27716E+2
3.04318E+4	8.27022E+2
3.04419E+4	8.26450E+2
3.04520E+4	8.25858E+2
3.04621E+4	8.25204E+2
3.04723E+4	8.24425E+2
3.04824E+4	8.23774E+2
3.04925E+4	8.23025E+2
3.05026E+4	8.22381E+2
3.05127E+4	8.21811E+2
3.05228E+4	8.21141E+2
3.05329E+4	8.20483E+2
3.05430E+4	8.19973E+2
3.05531E+4	8.19299E+2
3.05633E+4	8.18576E+2
3.05734E+4	8.17925E+2
3.05835E+4	8.17294E+2
3.05936E+4	8.16708E+2
3.06037E+4	8.16070E+2
3.06138E+4	8.15321E+2
3.06239E+4	8.14591E+2
3.06340E+4	8.13993E+2
3.06441E+4	8.13279E+2
3.06542E+4	8.12629E+2
3.06643E+4	8.11922E+2
3.06745E+4	8.11221E+2
3.06846E+4	8.10564E+2
3.06947E+4	8.09912E+2
3.07048E+4	8.09336E+2
3.07149E+4	8.08810E+2
3.07250E+4	8.08195E+2
3.07351E+4	8.07583E+2
3.07452E+4	8.07059E+2
3.07553E+4	8.06513E+2
3.07654E+4	8.05855E+2
3.07756E+4	8.05059E+2
3.07857E+4	8.04290E+2
3.07958E+4	8.03583E+2
3.08059E+4	8.02925E+2
3.08160E+4	8.02349E+2
3.08261E+4	8.01816E+2
3.08362E+4	8.01155E+2
3.08463E+4	8.00405E+2
3.08564E+4	7.99695E+2
3.08666E+4	7.98919E+2
3.08767E+4	7.98172E+2
3.08868E+4	7.97494E+2
3.08969E+4	7.96790E+2
3.09070E+4	7.96096E+2
3.09171E+4	7.95480E+2
3.09272E+4	7.94901E+2
3.09373E+4	7.94295E+2
3.09474E+4	7.93601E+2
3.09575E+4	7.92850E+2
3.09677E+4	7.92202E+2
3.09778E+4	7.91589E+2
3.09879E+4	7.90901E+2
3.09980E+4	7.90167E+2
3.10081E+4	7.89456E+2
3.10182E+4	7.88794E+2
3.10283E+4	7.88238E+2
3.10384E+4	7.87592E+2
3.10485E+4	7.86973E+2
3.10587E+4	7.86428E+2
3.10688E+4	7.85888E+2
3.10789E+4	7.85275E+2
3.10890E+4	7.84632E+2
3.10991E+4	7.83976E+2
3.11092E+4	7.83321E+2
3.11193E+4	7.82554E+2
3.11294E+4	7.81790E+2
3.11395E+4	7.81127E+2
3.11496E+4	7.80534E+2
3.11598E+4	7.79933E+2
3.11699E+4	7.79290E+2
3.11800E+4	7.78651E+2
3.11901E+4	7.77945E+2
3.12002E+4	7.77154E+2
3.12103E+4	7.76314E+2
3.12204E+4	7.75616E+2
3.12305E+4	7.74960E+2
3.12406E+4	7.74336E+2
3.12508E+4	7.73706E+2
3.12609E+4	7.73050E+2
3.12710E+4	7.72398E+2
3.12811E+4	7.71794E+2
3.12912E+4	7.71136E+2
3.13013E+4	7.70378E+2
3.13114E+4	7.69764E+2
3.13215E+4	7.69232E+2
3.13316E+4	7.68660E+2
3.13417E+4	7.67961E+2
3.13519E+4	7.67232E+2
3.13620E+4	7.66559E+2
3.13721E+4	7.65891E+2
3.13822E+4	7.65182E+2
3.13923E+4	7.64475E+2
3.14024E+4	7.63791E+2
3.14125E+4	7.63064E+2
3.14226E+4	7.62365E+2
3.14327E+4	7.61611E+2
3.14428E+4	7.61081E+2
3.14530E+4	7.60492E+2
3.14631E+4	7.59784E+2
3.14732E+4	7.59047E+2
3.14833E+4	7.58382E+2
3.14934E+4	7.57783E+2
3.15035E+4	7.57229E+2
3.15136E+4	7.56751E+2
3.15237E+4	7.56217E+2
3.15338E+4	7.55617E+2
3.15440E+4	7.54971E+2
3.15541E+4	7.54293E+2
3.15642E+4	7.53622E+2
3.15743E+4	7.52887E+2
3.15844E+4	7.52202E+2
3.15945E+4	7.51501E+2
3.16046E+4	7.50756E+2
3.16147E+4	7.50078E+2
3.16248E+4	7.49491E+2
3.16350E+4	7.48871E+2
3.16451E+4	7.48225E+2
3.16552E+4	7.47530E+2
3.16653E+4	7.46835E+2
3.16754E+4	7.46143E+2
3.16855E+4	7.45455E+2
3.16956E+4	7.44832E+2
3.17057E+4	7.44140E+2
3.17158E+4	7.43403E+2
3.17259E+4	7.42675E+2
3.17361E+4	7.41986E+2
3.17462E+4	7.41304E+2
3.17563E+4	7.40651E+2
3.17664E+4	7.40005E+2
3.17765E+4	7.39316E+2
3.17866E+4	7.38687E+2
3.17967E+4	7.38100E+2
3.18068E+4	7.37490E+2
3.18169E+4	7.36969E+2
3.18271E+4	7.36323E+2
3.18372E+4	7.35631E+2
3.18473E+4	7.34962E+2
3.18574E+4	7.34368E+2
3.18675E+4	7.33801E+2
3.18776E+4	7.33227E+2
3.18877E+4	7.32571E+2
3.18978E+4	7.31856E+2
3.19079E+4	7.31190E+2
3.19180E+4	7.30534E+2
3.19282E+4	7.29796E+2
3.19383E+4	7.29097E+2
3.19484E+4	7.28482E+2
3.19585E+4	7.27739E+2
3.19686E+4	7.27137E+2
3.19787E+4	7.26474E+2
3.19888E+4	7.25824E+2
3.19989E+4	7.25149E+2
3.20090E+4	7.24433E+2
3.20192E+4	7.23702E+2
3.20293E+4	7.23045E+2
3.20394E+4	7.22425E+2
3.20495E+4	7.21825E+2
3.20596E+4	7.21201E+2
3.20697E+4	7.20581E+2
3.20798E+4	7.19971E+2
3.20899E+4	7.19295E+2
3.21000E+4	7.18583E+2
3.21101E+4	7.17867E+2
3.21203E+4	7.17155E+2
3.21304E+4	7.16515E+2
3.21405E+4	7.15891E+2
3.21506E+4	7.15264E+2
3.21607E+4	7.14660E+2
3.21708E+4	7.14089E+2
3.21809E+4	7.13320E+2
3.21910E+4	7.12684E+2
3.22011E+4	7.12047E+2
3.22113E+4	7.11357E+2
3.22214E+4	7.10697E+2
3.22315E+4	7.10072E+2
3.22416E+4	7.09442E+2
3.22517E+4	7.08914E+2
3.22618E+4	7.08313E+2
3.22719E+4	7.07579E+2
3.22820E+4	7.06949E+2
3.22921E+4	7.06222E+2
3.23022E+4	7.05631E+2
3.23124E+4	7.05040E+2
3.23225E+4	7.04425E+2
3.23326E+4	7.03751E+2
3.23427E+4	7.03045E+2
3.23528E+4	7.02315E+2
3.23629E+4	7.01614E+2
3.23730E+4	7.00950E+2
3.23831E+4	7.00263E+2
3.23932E+4	6.99625E+2
3.24033E+4	6.99040E+2
3.24135E+4	6.98405E+2
3.24236E+4	6.97711E+2
3.24337E+4	6.97053E+2
3.24438E+4	6.96421E+2
3.24539E+4	6.95805E+2
3.24640E+4	6.95223E+2
3.24741E+4	6.94627E+2
3.24842E+4	6.94012E+2
3.24943E+4	6.93386E+2
3.25045E+4	6.92692E+2
3.25146E+4	6.91997E+2
3.25247E+4	6.91338E+2
3.25348E+4	6.90693E+2
3.25449E+4	6.90047E+2
3.25550E+4	6.89375E+2
3.25651E+4	6.88687E+2
3.25752E+4	6.88015E+2
3.25853E+4	6.87376E+2
3.25954E+4	6.86740E+2
3.26056E+4	6.86054E+2
3.26157E+4	6.85372E+2
3.26258E+4	6.84699E+2
3.26359E+4	6.83987E+2
3.26460E+4	6.83265E+2
3.26561E+4	6.82573E+2
3.26662E+4	6.81880E+2
3.26763E+4	6.81207E+2
3.26864E+4	6.80564E+2
3.26965E+4	6.79901E+2
3.27067E+4	6.79271E+2
3.27168E+4	6.78640E+2
3.27269E+4	6.77987E+2
3.27370E+4	6.77310E+2
3.27471E+4	6.76647E+2
3.27572E+4	6.75983E+2
3.27673E+4	6.75330E+2
3.27774E+4	6.74689E+2
3.27875E+4	6.74022E+2
3.27976E+4	6.73378E+2
3.28078E+4	6.72767E+2
3.28179E+4	6.72176E+2
3.28280E+4	6.71594E+2
3.28381E+4	6.70970E+2
3.28482E+4	6.70315E+2
3.28583E+4	6.69631E+2
3.28684E+4	6.68960E+2
3.28785E+4	6.68293E+2
3.28886E+4	6.67632E+2
3.28987E+4	6.66940E+2
3.29089E+4	6.66220E+2
3.29190E+4	6.65535E+2
3.29291E+4	6.64877E+2
3.29392E+4	6.64225E+2
3.29493E+4	6.63600E+2
3.29594E+4	6.62955E+2
3.29695E+4	6.62267E+2
3.29796E+4	6.61582E+2
3.29897E+4	6.60926E+2
3.29999E+4	6.60214E+2
3.30100E+4	6.59608E+2
3.30201E+4	6.59006E+2
3.30302E+4	6.58333E+2
3.30403E+4	6.57717E+2
3.30504E+4	6.57101E+2
3.30605E+4	6.56469E+2
3.30706E+4	6.55786E+2
3.30807E+4	6.55159E+2
3.30908E+4	6.54436E+2
3.31010E+4	6.53771E+2
3.31111E+4	6.53105E+2
3.31212E+4	6.52355E+2
3.31313E+4	6.51715E+2
3.31414E+4	6.51099E+2
3.31515E+4	6.50479E+2
3.31616E+4	6.49842E+2
3.31717E+4	6.49265E+2
3.31818E+4	6.48584E+2
3.31920E+4	6.47964E+2
3.32021E+4	6.47337E+2
3.32122E+4	6.46613E+2
3.32223E+4	6.45973E+2
3.32324E+4	6.45350E+2
3.32425E+4	6.44669E+2
3.32526E+4	6.44081E+2
3.32627E+4	6.43491E+2
3.32728E+4	6.42823E+2
3.32829E+4	6.42216E+2
3.32931E+4	6.41608E+2
3.33032E+4	6.40947E+2
3.33133E+4	6.40343E+2
3.33234E+4	6.39745E+2
3.33335E+4	6.39134E+2
3.33436E+4	6.38469E+2
3.33537E+4	6.37862E+2
3.33638E+4	6.37180E+2
3.33739E+4	6.36536E+2
3.33840E+4	6.35924E+2
3.33942E+4	6.35249E+2
3.34043E+4	6.34605E+2
3.34144E+4	6.33967E+2
3.34245E+4	6.33319E+2
3.34346E+4	6.32600E+2
3.34447E+4	6.31969E+2
3.34548E+4	6.31300E+2
3.34649E+4	6.30708E+2
3.34750E+4	6.30103E+2
3.34852E+4	6.29491E+2
3.34953E+4	6.28802E+2
3.35054E+4	6.28207E+2
3.35155E+4	6.27622E+2
3.35256E+4	6.26959E+2
3.35357E+4	6.26407E+2
3.35458E+4	6.25781E+2
3.35559E+4	6.25175E+2
3.35660E+4	6.24570E+2
3.35761E+4	6.23887E+2
3.35863E+4	6.23235E+2
3.35964E+4	6.22612E+2
3.36065E+4	6.21996E+2
3.36166E+4	6.21300E+2
3.36267E+4	6.20707E+2
3.36368E+4	6.20098E+2
3.36469E+4	6.19408E+2
3.36570E+4	6.18772E+2
3.36671E+4	6.18156E+2
3.36772E+4	6.17466E+2
3.36874E+4	6.16850E+2
3.36975E+4	6.16227E+2
3.37076E+4	6.15553E+2
3.37177E+4	6.14946E+2
3.37278E+4	6.14347E+2
3.37379E+4	6.13673E+2
3.37480E+4	6.13079E+2
3.37581E+4	6.12493E+2
3.37682E+4	6.11873E+2
3.37783E+4	6.11192E+2
3.37885E+4	6.10575E+2
3.37986E+4	6.09935E+2
3.38087E+4	6.09308E+2
3.38188E+4	6.08616E+2
3.38289E+4	6.08009E+2
3.38390E+4	6.07352E+2
3.38491E+4	6.06637E+2
3.38592E+4	6.05997E+2
3.38693E+4	6.05359E+2
3.38794E+4	6.04752E+2
3.38896E+4	6.04103E+2
3.38997E+4	6.03509E+2
3.39098E+4	6.02935E+2
3.39199E+4	6.02357E+2
3.39300E+4	6.01756E+2
3.39401E+4	6.01104E+2
3.39502E+4	6.00503E+2
3.39603E+4	5.99888E+2
3.39704E+4	5.99286E+2
3.39805E+4	5.98665E+2
3.39907E+4	5.97982E+2
3.40008E+4	5.97357E+2
3.40109E+4	5.96736E+2
3.40210E+4	5.96094E+2
3.40311E+4	5.95472E+2
3.40412E+4	5.94856E+2
3.40513E+4	5.94187E+2
3.40614E+4	5.93574E+2
3.40715E+4	5.92945E+2
3.40817E+4	5.92310E+2
3.40918E+4	5.91687E+2
3.41019E+4	5.91038E+2
3.41120E+4	5.90297E+2
3.41221E+4	5.89651E+2
3.41322E+4	5.89028E+2
3.41423E+4	5.88375E+2
3.41524E+4	5.87725E+2
3.41625E+4	5.87089E+2
3.41726E+4	5.86455E+2
3.41828E+4	5.85809E+2
3.41929E+4	5.85121E+2
3.42030E+4	5.84504E+2
3.42131E+4	5.83867E+2
3.42232E+4	5.83263E+2
3.42333E+4	5.82646E+2
3.42434E+4	5.82029E+2
3.42535E+4	5.81418E+2
3.42636E+4	5.80740E+2
3.42737E+4	5.80092E+2
3.42838E+4	5.79444E+2
3.42940E+4	5.78803E+2
3.43041E+4	5.78168E+2
3.43142E+4	5.77553E+2
3.43243E+4	5.76864E+2
3.43344E+4	5.76263E+2
3.43445E+4	5.75547E+2
3.43546E+4	5.74891E+2
3.43647E+4	5.74212E+2
3.43748E+4	5.73506E+2
3.43850E+4	5.72776E+2
3.43951E+4	5.71934E+2
3.44052E+4	5.71150E+2
3.44153E+4	5.70359E+2
3.44254E+4	5.69538E+2
3.44355E+4	5.68740E+2
3.44456E+4	5.67945E+2
3.44557E+4	5.67146E+2
3.44658E+4	5.66310E+2
3.44760E+4	5.65541E+2
3.44861E+4	5.64759E+2
3.44962E+4	5.64010E+2
3.45063E+4	5.63258E+2
3.45164E+4	5.62498E+2
3.45265E+4	5.61711E+2
3.45366E+4	5.60975E+2
3.45467E+4	5.60245E+2
3.45568E+4	5.59512E+2
3.45669E+4	5.58799E+2
3.45771E+4	5.58035E+2
3.45872E+4	5.57318E+2
3.45973E+4	5.56604E+2
3.46074E+4	5.55904E+2
3.46175E+4	5.55190E+2
3.46276E+4	5.54486E+2
3.46377E+4	5.53731E+2
3.46478E+4	5.53016E+2
3.46579E+4	5.52322E+2
3.46680E+4	5.51634E+2
3.46782E+4	5.50936E+2
3.46883E+4	5.50271E+2
3.46984E+4	5.49589E+2
3.47085E+4	5.48826E+2
3.47186E+4	5.48150E+2
3.47287E+4	5.47465E+2
3.47388E+4	5.46769E+2
3.47489E+4	5.46103E+2
3.47590E+4	5.45434E+2
3.47691E+4	5.44689E+2
3.47793E+4	5.44037E+2
3.47894E+4	5.43377E+2
3.47995E+4	5.42714E+2
3.48096E+4	5.42041E+2
3.48197E+4	5.41374E+2
3.48298E+4	5.40730E+2
3.48399E+4	5.40001E+2
3.48500E+4	5.39358E+2
3.48601E+4	5.38710E+2
3.48702E+4	5.38053E+2
3.48804E+4	5.37409E+2
3.48905E+4	5.36706E+2
3.49006E+4	5.36054E+2
3.49107E+4	5.35413E+2
3.49208E+4	5.34768E+2
3.49309E+4	5.34127E+2
3.49410E+4	5.33502E+2
3.49511E+4	5.32818E+2
3.49612E+4	5.32176E+2
3.49714E+4	5.31558E+2
3.49815E+4	5.30929E+2
3.49916E+4	5.30296E+2
3.50017E+4	5.29619E+2
3.50118E+4	5.29003E+2
3.50219E+4	5.28373E+2
3.50320E+4	5.27764E+2
3.50421E+4	5.27162E+2
3.50522E+4	5.26480E+2
3.50623E+4	5.25870E+2
3.50725E+4	5.25260E+2
3.50826E+4	5.24657E+2
3.50927E+4	5.24040E+2
3.51028E+4	5.23440E+2
3.51129E+4	5.22784E+2
3.51230E+4	5.22177E+2
3.51331E+4	5.21573E+2
3.51432E+4	5.20990E+2
3.51533E+4	5.20382E+2
3.51634E+4	5.19795E+2
3.51736E+4	5.19148E+2
3.51837E+4	5.18554E+2
3.51938E+4	5.17970E+2
3.52039E+4	5.17382E+2
3.52140E+4	5.16783E+2
3.52241E+4	5.16216E+2
3.52342E+4	5.15572E+2
3.52443E+4	5.15039E+2
3.52544E+4	5.14461E+2
3.52646E+4	5.13823E+2
3.52747E+4	5.13241E+2
3.52848E+4	5.12663E+2
3.52949E+4	5.12105E+2
3.53050E+4	5.11526E+2
3.53151E+4	5.10950E+2
3.53252E+4	5.10388E+2
3.53353E+4	5.09833E+2
3.53454E+4	5.09257E+2
3.53555E+4	5.08695E+2
3.53657E+4	5.08142E+2
3.53758E+4	5.07580E+2
3.53859E+4	5.07031E+2
3.53960E+4	5.06416E+2
3.54061E+4	5.05919E+2
3.54162E+4	5.05303E+2
3.54263E+4	5.04761E+2
3.54364E+4	5.04204E+2
3.54465E+4	5.03662E+2
3.54566E+4	5.03109E+2
3.54668E+4	5.02555E+2
3.54769E+4	5.02030E+2
3.54870E+4	5.01490E+2
3.54971E+4	5.00943E+2
3.55072E+4	5.00417E+2
3.55173E+4	4.99894E+2
3.55274E+4	4.99340E+2
3.55375E+4	4.98821E+2
3.55476E+4	4.98298E+2
3.55578E+4	4.97708E+2
3.55679E+4	4.97189E+2
3.55780E+4	4.96676E+2
3.55881E+4	4.96152E+2
3.55982E+4	4.95629E+2
3.56083E+4	4.95123E+2
3.56184E+4	4.94606E+2
3.56285E+4	4.94082E+2
3.56386E+4	4.93572E+2
3.56488E+4	4.93062E+2
3.56589E+4	4.92468E+2
3.56690E+4	4.91972E+2
3.56791E+4	4.91465E+2
3.56892E+4	4.90962E+2
3.56993E+4	4.90472E+2
3.57094E+4	4.89975E+2
3.57195E+4	4.89458E+2
3.57296E+4	4.88958E+2
3.57397E+4	4.88468E+2
3.57499E+4	4.87967E+2
3.57600E+4	4.87411E+2
3.57701E+4	4.86914E+2
3.57802E+4	4.86413E+2
3.57903E+4	4.85919E+2
3.58004E+4	4.85432E+2
3.58105E+4	4.84952E+2
3.58206E+4	4.84455E+2
3.58307E+4	4.83968E+2
3.58408E+4	4.83484E+2
3.58510E+4	4.82924E+2
3.58611E+4	4.82510E+2
3.58712E+4	4.81960E+2
3.58813E+4	4.81472E+2
3.58914E+4	4.81002E+2
3.59015E+4	4.80532E+2
3.59116E+4	4.80052E+2
3.59217E+4	4.79571E+2
3.59318E+4	4.79101E+2
3.59419E+4	4.78624E+2
3.59521E+4	4.78094E+2
3.59622E+4	4.77631E+2
3.59723E+4	4.77153E+2
3.59824E+4	4.76693E+2
3.59925E+4	4.76226E+2
3.60026E+4	4.75759E+2
3.60127E+4	4.75324E+2
3.60228E+4	4.74867E+2
3.60329E+4	4.74340E+2
3.60430E+4	4.73873E+2
3.60532E+4	4.73413E+2
3.60633E+4	4.72953E+2
3.60734E+4	4.72486E+2
3.60835E+4	4.71979E+2
3.60936E+4	4.71523E+2
3.61037E+4	4.71062E+2
3.61138E+4	4.70609E+2
3.61239E+4	4.70159E+2
3.61340E+4	4.69702E+2
3.61441E+4	4.69256E+2
3.61543E+4	4.68809E+2
3.61644E+4	4.68349E+2
3.61745E+4	4.67899E+2
3.61846E+4	4.67396E+2
3.61947E+4	4.67012E+2
3.62048E+4	4.66509E+2
3.62149E+4	4.66066E+2
3.62250E+4	4.65630E+2
3.62351E+4	4.65180E+2
3.62452E+4	4.64744E+2
3.62553E+4	4.64301E+2
3.62655E+4	4.63857E+2
3.62756E+4	4.63425E+2
3.62857E+4	4.62992E+2
3.62958E+4	4.62552E+2
3.63059E+4	4.62112E+2
3.63160E+4	4.61616E+2
3.63261E+4	4.61187E+2
3.63362E+4	4.60768E+2
3.63463E+4	4.60335E+2
3.63564E+4	4.59896E+2
3.63665E+4	4.59477E+2
3.63767E+4	4.59051E+2
3.63868E+4	4.58625E+2
3.63969E+4	4.58196E+2
3.64070E+4	4.57770E+2
3.64171E+4	4.57348E+2
3.64272E+4	4.56859E+2
3.64373E+4	4.56443E+2
3.64474E+4	4.56024E+2
3.64575E+4	4.55599E+2
3.64676E+4	4.55194E+2
3.64777E+4	4.54792E+2
3.64879E+4	4.54363E+2
3.64980E+4	4.53948E+2
3.65081E+4	4.53533E+2
3.65182E+4	4.53114E+2
3.65283E+4	4.52706E+2
3.65384E+4	4.52294E+2
3.65485E+4	4.51882E+2
3.65586E+4	4.51463E+2
3.65689E+4	4.51052E+2
3.65790E+4	4.50658E+2
3.65892E+4	4.50239E+2
3.65994E+4	4.49820E+2
3.66095E+4	4.49419E+2
3.66197E+4	4.49001E+2
3.66300E+4	4.48592E+2
3.66402E+4	4.48198E+2
3.66503E+4	4.47818E+2
3.66604E+4	4.47410E+2
3.66707E+4	4.46939E+2
3.66808E+4	4.46541E+2
3.66909E+4	4.46147E+2
3.67010E+4	4.45757E+2
3.67111E+4	4.45352E+2
3.67213E+4	4.44962E+2
3.67314E+4	4.44561E+2
3.67415E+4	4.44171E+2
3.67516E+4	4.43791E+2
3.67617E+4	4.43397E+2
3.67718E+4	4.42999E+2
3.67819E+4	4.42613E+2
3.67920E+4	4.42226E+2
3.68021E+4	4.41843E+2
3.68122E+4	4.41456E+2
3.68223E+4	4.41069E+2
3.68325E+4	4.40693E+2
3.68426E+4	4.40310E+2
3.68527E+4	4.39863E+2
3.68628E+4	4.39487E+2
3.68729E+4	4.39118E+2
3.68830E+4	4.38739E+2
3.68931E+4	4.38359E+2
3.69042E+4	4.37952E+2
3.69145E+4	4.37576E+2
3.69247E+4	4.37197E+2
3.69350E+4	4.36821E+2
3.69452E+4	4.36438E+2
3.69553E+4	4.36069E+2
3.69655E+4	4.35693E+2
3.69757E+4	4.35328E+2
3.69859E+4	4.34886E+2
3.69961E+4	4.34510E+2
3.70063E+4	4.34142E+2
3.70164E+4	4.33769E+2
3.70265E+4	4.33408E+2
3.70366E+4	4.33043E+2
3.70467E+4	4.32667E+2
3.70568E+4	4.32309E+2
3.70669E+4	4.31948E+2
3.70770E+4	4.31569E+2
3.70872E+4	4.31204E+2
3.70973E+4	4.30843E+2
3.71074E+4	4.30471E+2
3.71175E+4	4.30117E+2
3.71276E+4	4.29749E+2
3.71377E+4	4.29384E+2
3.71478E+4	4.29023E+2
3.71579E+4	4.28673E+2
3.71680E+4	4.28249E+2
3.71781E+4	4.27888E+2
3.71883E+4	4.27597E+2
3.71984E+4	4.27180E+2
3.72085E+4	4.26819E+2
3.72186E+4	4.26465E+2
3.72287E+4	4.26112E+2
3.72388E+4	4.25754E+2
3.72489E+4	4.25408E+2
3.72590E+4	4.25054E+2
3.72691E+4	4.24704E+2
3.72792E+4	4.24354E+2
3.72894E+4	4.24004E+2
3.72995E+4	4.23647E+2
3.73096E+4	4.23241E+2
3.73197E+4	4.22958E+2
3.73298E+4	4.22538E+2
3.73399E+4	4.22188E+2
3.73500E+4	4.21846E+2
3.73601E+4	4.21513E+2
3.73702E+4	4.21160E+2
3.73804E+4	4.20818E+2
3.73905E+4	4.20478E+2
3.74006E+4	4.20143E+2
3.74107E+4	4.19807E+2
3.74208E+4	4.19468E+2
3.74309E+4	4.19119E+2
3.74410E+4	4.18784E+2
3.74511E+4	4.18392E+2
3.74612E+4	4.18050E+2
3.74713E+4	4.17715E+2
3.74814E+4	4.17390E+2
3.74916E+4	4.17055E+2
3.75017E+4	4.16723E+2
3.75118E+4	4.16399E+2
3.75219E+4	4.16057E+2
3.75320E+4	4.15732E+2
3.75421E+4	4.15335E+2
3.75522E+4	4.15077E+2
3.75623E+4	4.14669E+2
3.75724E+4	4.14344E+2
3.75825E+4	4.14017E+2
3.75927E+4	4.13679E+2
3.76028E+4	4.13358E+2
3.76129E+4	4.13034E+2
3.76230E+4	4.12720E+2
3.76331E+4	4.12389E+2
3.76432E+4	4.12058E+2
3.76533E+4	4.11731E+2
3.76634E+4	4.11411E+2
3.76735E+4	4.11090E+2
3.76836E+4	4.10760E+2
3.76938E+4	4.10446E+2
3.77039E+4	4.10129E+2
3.77140E+4	4.09816E+2
3.77241E+4	4.09486E+2
3.77342E+4	4.09169E+2
3.77443E+4	4.08849E+2
3.77544E+4	4.08460E+2
3.77645E+4	4.08147E+2
3.77746E+4	4.07841E+2
3.77847E+4	4.07521E+2
3.77948E+4	4.07208E+2
3.78050E+4	4.06899E+2
3.78151E+4	4.06593E+2
3.78252E+4	4.06280E+2
3.78353E+4	4.05975E+2
3.78454E+4	4.05655E+2
3.78555E+4	4.05350E+2
3.78656E+4	4.05047E+2
3.78757E+4	4.04745E+2
3.78858E+4	4.04430E+2
3.78960E+4	4.04121E+2
3.79061E+4	4.03812E+2
3.79162E+4	4.03496E+2
3.79263E+4	4.03198E+2
3.79364E+4	4.02893E+2
3.79465E+4	4.02581E+2
3.79566E+4	4.02286E+2
3.79667E+4	4.01984E+2
3.79768E+4	4.01672E+2
3.79869E+4	4.01384E+2
3.79970E+4	4.01083E+2
3.80072E+4	4.00778E+2
3.80173E+4	4.00483E+2
3.80274E+4	4.00130E+2
3.80375E+4	3.99836E+2
3.80476E+4	3.99531E+2
3.80577E+4	3.99247E+2
3.80678E+4	3.98949E+2
3.80779E+4	3.98652E+2
3.80880E+4	3.98361E+2
3.80981E+4	3.98064E+2
3.81083E+4	3.97773E+2
3.81184E+4	3.97482E+2
3.81285E+4	3.97192E+2
3.81386E+4	3.96905E+2
3.81487E+4	3.96621E+2
3.81588E+4	3.96348E+2
3.81689E+4	3.96054E+2
3.81790E+4	3.95708E+2
3.81891E+4	3.95428E+2
3.81992E+4	3.95148E+2
3.82094E+4	3.94879E+2
3.82195E+4	3.94595E+2
3.82296E+4	3.94326E+2
3.82397E+4	3.94046E+2
3.82498E+4	3.93711E+2
3.82599E+4	3.93449E+2
3.82700E+4	3.93166E+2
3.82801E+4	3.92893E+2
3.82902E+4	3.92627E+2
3.83003E+4	3.92292E+2
3.83105E+4	3.92030E+2
3.83206E+4	3.91754E+2
3.83307E+4	3.91474E+2
3.83408E+4	3.91216E+2
3.83509E+4	3.90943E+2
3.83610E+4	3.90602E+2
3.83711E+4	3.90340E+2
3.83812E+4	3.90071E+2
3.83913E+4	3.89806E+2
3.84014E+4	3.89540E+2
3.84116E+4	3.89288E+2
3.84217E+4	3.89033E+2
3.84318E+4	3.88764E+2
3.84419E+4	3.88434E+2
3.84520E+4	3.88169E+2
3.84621E+4	3.87904E+2
3.84722E+4	3.87645E+2
3.84823E+4	3.87394E+2
3.84924E+4	3.87129E+2
3.85025E+4	3.86877E+2
3.85127E+4	3.86619E+2
3.85228E+4	3.86282E+2
3.85329E+4	3.86034E+2
3.85430E+4	3.85773E+2
3.85531E+4	3.85518E+2
3.85632E+4	3.85257E+2
3.85733E+4	3.85002E+2
3.85834E+4	3.84744E+2
3.85935E+4	3.84486E+2
3.86036E+4	3.84235E+2
3.86138E+4	3.83988E+2
3.86239E+4	3.83723E+2
3.86340E+4	3.83414E+2
3.86441E+4	3.83228E+2
3.86542E+4	3.82912E+2
3.86643E+4	3.82658E+2
3.86744E+4	3.82404E+2
3.86845E+4	3.82173E+2
3.86946E+4	3.81919E+2
3.87047E+4	3.81669E+2
3.87149E+4	3.81421E+2
3.87250E+4	3.81164E+2
3.87351E+4	3.80927E+2
3.87452E+4	3.80676E+2
3.87553E+4	3.80426E+2
3.87654E+4	3.80179E+2
3.87755E+4	3.79945E+2
3.87856E+4	3.79633E+2
3.87957E+4	3.79393E+2
3.88058E+4	3.79211E+2
3.88160E+4	3.78902E+2
3.88261E+4	3.78659E+2
3.88362E+4	3.78415E+2
3.88463E+4	3.78182E+2
3.88564E+4	3.77935E+2
3.88665E+4	3.77695E+2
3.88766E+4	3.77459E+2
3.88867E+4	3.77215E+2
3.88968E+4	3.76979E+2
