Jul 09, 2019  08:42:59 AM
Residual Gas Analyzer Software 
Software Version, 3.218.004

Analog Scan Setup:

Data Points in Scan, 991 
Units, Torr 
Noise Floor, 2 
CEM Status, OFF 
Points Per AMU, 10
Scan Start Mass, 1, amu 
Scan Stop Mass, 100, amu
Focus Voltage, 90, Volts 
Ion Energy, HIGH 
Electron Energy, 70, eV 
CEM Voltage, 1000, Volts
CEM Gain, 1.00E+006 
Sensitivity Factor, 8.30E-005 
Filament Current, 1.00, mAmps


  1.00,  -2.39E-010, 
  1.10,  -1.90E-010, 
  1.20,   5.06E-009, 
  1.30,   3.23E-008, 
  1.40,   1.96E-008, 
  1.50,   1.21E-008, 
  1.60,   1.88E-008, 
  1.70,   3.20E-008, 
  1.80,   4.90E-008, 
  1.90,   6.59E-008, 
  2.00,   7.26E-008, 
  2.10,   7.44E-008, 
  2.20,   6.72E-008, 
  2.30,   4.64E-008, 
  2.40,   1.96E-008, 
  2.50,   8.77E-009, 
  2.60,   4.50E-009, 
  2.70,   2.37E-009, 
  2.80,   1.56E-009, 
  2.90,   1.09E-009, 
  3.00,   6.77E-010, 
  3.10,   5.37E-010, 
  3.20,   3.57E-010, 
  3.30,   2.00E-010, 
  3.40,   1.37E-010, 
  3.50,  -3.86E-011, 
  3.60,  -1.16E-010, 
  3.70,  -2.29E-010, 
  3.80,  -3.53E-010, 
  3.90,  -3.05E-010, 
  4.00,  -2.61E-010, 
  4.10,  -2.90E-010, 
  4.20,  -4.51E-010, 
  4.30,  -4.42E-010, 
  4.40,  -4.29E-010, 
  4.50,  -3.49E-010, 
  4.60,  -4.37E-010, 
  4.70,  -5.27E-010, 
  4.80,  -6.52E-010, 
  4.90,  -5.54E-010, 
  5.00,  -5.16E-010, 
  5.10,  -4.82E-010, 
  5.20,  -3.59E-010, 
  5.30,  -4.53E-010, 
  5.40,  -3.61E-010, 
  5.50,  -2.69E-010, 
  5.60,  -3.53E-010, 
  5.70,  -4.49E-010, 
  5.80,  -4.20E-010, 
  5.90,  -6.70E-010, 
  6.00,  -6.23E-010, 
  6.10,  -5.14E-010, 
  6.20,  -7.53E-010, 
  6.30,  -8.66E-010, 
  6.40,  -7.88E-010, 
  6.50,  -8.13E-010, 
  6.60,  -7.33E-010, 
  6.70,  -4.25E-010, 
  6.80,  -5.63E-010, 
  6.90,  -6.72E-010, 
  7.00,  -6.23E-010, 
  7.10,  -7.69E-010, 
  7.20,  -7.10E-010, 
  7.30,  -6.37E-010, 
  7.40,  -6.84E-010, 
  7.50,  -5.72E-010, 
  7.60,  -5.29E-010, 
  7.70,  -6.76E-010, 
  7.80,  -6.54E-010, 
  7.90,  -5.04E-010, 
  8.00,  -6.75E-010, 
  8.10,  -6.30E-010, 
  8.20,  -3.37E-010, 
  8.30,  -5.36E-010, 
  8.40,  -7.55E-010, 
  8.50,  -5.86E-010, 
  8.60,  -6.80E-010, 
  8.70,  -7.76E-010, 
  8.80,  -7.31E-010, 
  8.90,  -8.45E-010, 
  9.00,  -8.88E-010, 
  9.10,  -7.71E-010, 
  9.20,  -6.93E-010, 
  9.30,  -6.13E-010, 
  9.40,  -4.25E-010, 
  9.50,  -7.22E-010, 
  9.60,  -8.01E-010, 
  9.70,  -6.77E-010, 
  9.80,  -9.00E-010, 
  9.90,  -8.72E-010, 
 10.00,  -6.70E-010, 
 10.10,  -1.01E-009, 
 10.20,  -9.69E-010, 
 10.30,  -8.08E-010, 
 10.40,  -7.29E-010, 
 10.50,  -7.88E-010, 
 10.60,  -7.75E-010, 
 10.70,  -7.46E-010, 
 10.80,  -7.66E-010, 
 10.90,  -7.14E-010, 
 11.00,  -7.87E-010, 
 11.10,  -7.98E-010, 
 11.20,  -6.60E-010, 
 11.30,  -6.60E-010, 
 11.40,  -8.18E-010, 
 11.50,  -5.22E-010, 
 11.60,  -2.53E-010, 
 11.70,   3.98E-011, 
 11.80,   5.43E-010, 
 11.90,   8.89E-010, 
 12.00,   1.08E-009, 
 12.10,   1.17E-009, 
 12.20,   7.99E-010, 
 12.30,   2.95E-010, 
 12.40,  -1.64E-010, 
 12.50,  -5.55E-010, 
 12.60,  -3.51E-010, 
 12.70,  -1.39E-010, 
 12.80,  -2.61E-010, 
 12.90,  -5.00E-010, 
 13.00,  -4.55E-010, 
 13.10,  -5.28E-010, 
 13.20,  -5.60E-010, 
 13.30,  -2.61E-010, 
 13.40,   3.96E-010, 
 13.50,   4.77E-009, 
 13.60,   1.95E-008, 
 13.70,   3.51E-008, 
 13.80,   5.00E-008, 
 13.90,   6.40E-008, 
 14.00,   7.20E-008, 
 14.10,   6.84E-008, 
 14.20,   4.93E-008, 
 14.30,   1.77E-008, 
 14.40,   7.65E-009, 
 14.50,   4.00E-009, 
 14.60,   2.35E-009, 
 14.70,   1.70E-009, 
 14.80,   1.53E-009, 
 14.90,   1.19E-009, 
 15.00,   1.06E-009, 
 15.10,   1.10E-009, 
 15.20,   8.65E-010, 
 15.30,   7.49E-010, 
 15.40,   1.49E-009, 
 15.50,   7.62E-009, 
 15.60,   2.45E-008, 
 15.70,   4.30E-008, 
 15.80,   5.69E-008, 
 15.90,   6.94E-008, 
 16.00,   7.80E-008, 
 16.10,   7.23E-008, 
 16.20,   4.71E-008, 
 16.30,   1.78E-008, 
 16.40,   1.16E-008, 
 16.50,   3.32E-008, 
 16.60,   1.10E-007, 
 16.70,   1.71E-007, 
 16.80,   2.15E-007, 
 16.90,   2.63E-007, 
 17.00,   2.82E-007, 
 17.10,   2.63E-007, 
 17.20,   1.38E-007, 
 17.30,   3.21E-008, 
 17.40,   2.96E-008, 
 17.50,   2.12E-007, 
 17.60,   5.43E-007, 
 17.70,   7.28E-007, 
 17.80,   8.45E-007, 
 17.90,   1.05E-006, 
 18.00,   1.13E-006, 
 18.10,   1.07E-006, 
 18.20,   4.28E-007, 
 18.30,   3.79E-008, 
 18.40,   1.50E-008, 
 18.50,   8.40E-009, 
 18.60,   6.28E-009, 
 18.70,   5.56E-009, 
 18.80,   5.00E-009, 
 18.90,   4.67E-009, 
 19.00,   4.65E-009, 
 19.10,   4.76E-009, 
 19.20,   3.90E-009, 
 19.30,   2.43E-009, 
 19.40,   1.62E-009, 
 19.50,   1.47E-009, 
 19.60,   2.26E-009, 
 19.70,   3.04E-009, 
 19.80,   3.58E-009, 
 19.90,   4.23E-009, 
 20.00,   4.91E-009, 
 20.10,   5.45E-009, 
 20.20,   4.25E-009, 
 20.30,   2.10E-009, 
 20.40,   1.06E-009, 
 20.50,   4.80E-010, 
 20.60,   7.71E-011, 
 20.70,   3.01E-011, 
 20.80,   2.89E-011, 
 20.90,  -1.64E-010, 
 21.00,  -3.53E-010, 
 21.10,  -2.69E-010, 
 21.20,  -3.92E-010, 
 21.30,  -4.06E-010, 
 21.40,  -1.42E-010, 
 21.50,  -1.58E-010, 
 21.60,  -3.08E-010, 
 21.70,  -3.00E-010, 
 21.80,  -3.14E-010, 
 21.90,  -2.46E-010, 
 22.00,  -2.13E-010, 
 22.10,  -3.06E-010, 
 22.20,  -4.37E-010, 
 22.30,  -3.13E-010, 
 22.40,  -3.58E-010, 
 22.50,  -2.64E-010, 
 22.60,  -2.81E-010, 
 22.70,  -3.59E-010, 
 22.80,  -4.80E-010, 
 22.90,  -4.52E-010, 
 23.00,  -3.99E-010, 
 23.10,  -5.23E-010, 
 23.20,  -3.88E-010, 
 23.30,  -4.10E-010, 
 23.40,  -4.08E-010, 
 23.50,  -3.70E-010, 
 23.60,  -4.90E-010, 
 23.70,  -3.88E-010, 
 23.80,  -3.16E-010, 
 23.90,  -3.63E-010, 
 24.00,  -5.20E-010, 
 24.10,  -5.27E-010, 
 24.20,  -5.83E-010, 
 24.30,  -6.11E-010, 
 24.40,  -4.29E-010, 
 24.50,  -3.95E-010, 
 24.60,  -5.63E-010, 
 24.70,  -5.76E-010, 
 24.80,  -5.95E-010, 
 24.90,  -5.94E-010, 
 25.00,  -5.19E-010, 
 25.10,  -6.11E-010, 
 25.20,  -7.94E-010, 
 25.30,  -7.04E-010, 
 25.40,  -6.67E-010, 
 25.50,  -8.02E-010, 
 25.60,  -7.01E-010, 
 25.70,  -6.05E-010, 
 25.80,  -6.24E-010, 
 25.90,  -4.80E-010, 
 26.00,  -4.87E-010, 
 26.10,  -4.65E-010, 
 26.20,  -4.24E-010, 
 26.30,  -3.72E-010, 
 26.40,  -4.34E-010, 
 26.50,  -4.70E-010, 
 26.60,  -6.90E-010, 
 26.70,  -7.84E-010, 
 26.80,  -2.37E-010, 
 26.90,   1.40E-010, 
 27.00,   8.17E-010, 
 27.10,   2.25E-009, 
 27.20,   5.33E-009, 
 27.30,   1.31E-008, 
 27.40,   5.12E-008, 
 27.50,   3.90E-007, 
 27.60,   6.38E-007, 
 27.70,   9.09E-007, 
 27.80,   9.16E-007, 
 27.90,   9.68E-007, 
 28.00,   1.07E-006, 
 28.10,   9.73E-007, 
 28.20,   2.06E-007, 
 28.30,   2.88E-008, 
 28.40,   1.26E-008, 
 28.50,   8.50E-009, 
 28.60,   7.76E-009, 
 28.70,   8.21E-009, 
 28.80,   8.86E-009, 
 28.90,   9.32E-009, 
 29.00,   9.57E-009, 
 29.10,   9.77E-009, 
 29.20,   6.99E-009, 
 29.30,   3.71E-009, 
 29.40,   2.11E-009, 
 29.50,   1.60E-009, 
 29.60,   1.39E-009, 
 29.70,   1.59E-009, 
 29.80,   1.57E-009, 
 29.90,   1.69E-009, 
 30.00,   1.68E-009, 
 30.10,   1.73E-009, 
 30.20,   1.44E-009, 
 30.30,   8.12E-010, 
 30.40,   4.48E-010, 
 30.50,   2.29E-010, 
 30.60,   2.00E-010, 
 30.70,   2.96E-010, 
 30.80,   3.05E-010, 
 30.90,   3.51E-010, 
 31.00,   6.94E-010, 
 31.10,   1.24E-009, 
 31.20,   2.89E-009, 
 31.30,   6.69E-009, 
 31.40,   2.56E-008, 
 31.50,   1.46E-007, 
 31.60,   2.74E-007, 
 31.70,   3.92E-007, 
 31.80,   4.15E-007, 
 31.90,   4.17E-007, 
 32.00,   4.35E-007, 
 32.10,   3.34E-007, 
 32.20,   6.69E-008, 
 32.30,   1.87E-008, 
 32.40,   9.07E-009, 
 32.50,   5.53E-009, 
 32.60,   3.71E-009, 
 32.70,   2.58E-009, 
 32.80,   2.16E-009, 
 32.90,   1.65E-009, 
 33.00,   1.24E-009, 
 33.10,   1.17E-009, 
 33.20,   8.83E-010, 
 33.30,   4.72E-010, 
 33.40,   4.42E-010, 
 33.50,   4.93E-010, 
 33.60,   6.69E-010, 
 33.70,   1.04E-009, 
 33.80,   1.34E-009, 
 33.90,   1.49E-009, 
 34.00,   1.63E-009, 
 34.10,   1.55E-009, 
 34.20,   7.98E-010, 
 34.30,   3.13E-010, 
 34.40,   1.69E-011, 
 34.50,  -1.75E-010, 
 34.60,  -1.53E-010, 
 34.70,  -2.11E-010, 
 34.80,  -3.82E-010, 
 34.90,  -2.73E-010, 
 35.00,  -2.18E-010, 
 35.10,  -1.41E-010, 
 35.20,  -2.47E-010, 
 35.30,  -3.82E-010, 
 35.40,  -5.57E-010, 
 35.50,  -4.29E-010, 
 35.60,  -2.82E-010, 
 35.70,  -2.49E-010, 
 35.80,  -2.65E-010, 
 35.90,  -2.30E-010, 
 36.00,  -2.66E-010, 
 36.10,  -1.86E-010, 
 36.20,  -4.46E-010, 
 36.30,  -6.02E-010, 
 36.40,  -5.39E-010, 
 36.50,  -4.95E-010, 
 36.60,  -3.92E-010, 
 36.70,  -4.76E-010, 
 36.80,  -4.84E-010, 
 36.90,  -5.34E-010, 
 37.00,  -3.40E-010, 
 37.10,  -2.72E-010, 
 37.20,  -5.11E-010, 
 37.30,  -5.65E-010, 
 37.40,  -6.02E-010, 
 37.50,  -5.60E-010, 
 37.60,  -5.71E-010, 
 37.70,  -5.64E-010, 
 37.80,  -7.13E-010, 
 37.90,  -7.65E-010, 
 38.00,  -6.69E-010, 
 38.10,  -6.55E-010, 
 38.20,  -6.18E-010, 
 38.30,  -6.25E-010, 
 38.40,  -4.82E-010, 
 38.50,  -5.64E-010, 
 38.60,  -5.98E-010, 
 38.70,  -5.78E-010, 
 38.80,  -4.46E-010, 
 38.90,  -2.41E-010, 
 39.00,  -3.20E-010, 
 39.10,  -2.02E-010, 
 39.20,  -1.88E-010, 
 39.30,   1.51E-010, 
 39.40,   1.67E-009, 
 39.50,   6.33E-009, 
 39.60,   1.33E-008, 
 39.70,   2.13E-008, 
 39.80,   2.93E-008, 
 39.90,   3.31E-008, 
 40.00,   3.38E-008, 
 40.10,   2.47E-008, 
 40.20,   1.11E-008, 
 40.30,   5.45E-009, 
 40.40,   2.61E-009, 
 40.50,   1.19E-009, 
 40.60,   8.08E-010, 
 40.70,   3.46E-010, 
 40.80,   2.70E-010, 
 40.90,   1.76E-010, 
 41.00,  -1.20E-012, 
 41.10,  -2.48E-010, 
 41.20,  -1.93E-010, 
 41.30,  -2.24E-010, 
 41.40,  -2.18E-010, 
 41.50,  -2.84E-010, 
 41.60,  -4.63E-010, 
 41.70,  -4.65E-010, 
 41.80,  -3.63E-010, 
 41.90,  -5.29E-010, 
 42.00,  -5.80E-010, 
 42.10,  -5.77E-010, 
 42.20,  -6.30E-010, 
 42.30,  -6.58E-010, 
 42.40,  -5.75E-010, 
 42.50,  -6.70E-010, 
 42.60,  -5.55E-010, 
 42.70,  -4.52E-010, 
 42.80,  -3.95E-010, 
 42.90,  -1.39E-010, 
 43.00,   2.89E-011, 
 43.10,   1.47E-010, 
 43.20,  -4.94E-011, 
 43.30,   8.19E-011, 
 43.40,   8.80E-010, 
 43.50,   2.98E-009, 
 43.60,   6.29E-009, 
 43.70,   1.05E-008, 
 43.80,   1.49E-008, 
 43.90,   1.83E-008, 
 44.00,   1.95E-008, 
 44.10,   1.62E-008, 
 44.20,   8.32E-009, 
 44.30,   3.79E-009, 
 44.40,   1.64E-009, 
 44.50,   7.52E-010, 
 44.60,   4.86E-010, 
 44.70,   1.24E-010, 
 44.80,   1.54E-010, 
 44.90,   1.12E-010, 
 45.00,  -7.35E-011, 
 45.10,  -1.80E-010, 
 45.20,  -4.00E-010, 
 45.30,  -4.76E-010, 
 45.40,  -5.02E-010, 
 45.50,  -6.01E-010, 
 45.60,  -6.25E-010, 
 45.70,  -2.87E-010, 
 45.80,  -4.52E-010, 
 45.90,  -6.98E-010, 
 46.00,  -6.76E-010, 
 46.10,  -6.80E-010, 
 46.20,  -8.04E-010, 
 46.30,  -7.63E-010, 
 46.40,  -5.83E-010, 
 46.50,  -6.67E-010, 
 46.60,  -7.39E-010, 
 46.70,  -9.07E-010, 
 46.80,  -1.06E-009, 
 46.90,  -8.78E-010, 
 47.00,  -7.07E-010, 
 47.10,  -8.39E-010, 
 47.20,  -8.63E-010, 
 47.30,  -9.66E-010, 
 47.40,  -9.72E-010, 
 47.50,  -1.00E-009, 
 47.60,  -8.18E-010, 
 47.70,  -6.30E-010, 
 47.80,  -5.05E-010, 
 47.90,  -5.14E-010, 
 48.00,  -5.16E-010, 
 48.10,  -6.17E-010, 
 48.20,  -6.33E-010, 
 48.30,  -7.29E-010, 
 48.40,  -7.67E-010, 
 48.50,  -8.31E-010, 
 48.60,  -1.03E-009, 
 48.70,  -8.95E-010, 
 48.80,  -8.43E-010, 
 48.90,  -7.59E-010, 
 49.00,  -7.05E-010, 
 49.10,  -7.00E-010, 
 49.20,  -8.19E-010, 
 49.30,  -6.92E-010, 
 49.40,  -6.36E-010, 
 49.50,  -8.36E-010, 
 49.60,  -8.24E-010, 
 49.70,  -8.01E-010, 
 49.80,  -7.10E-010, 
 49.90,  -7.63E-010, 
 50.00,  -6.17E-010, 
 50.10,  -6.34E-010, 
 50.20,  -6.19E-010, 
 50.30,  -6.48E-010, 
 50.40,  -6.84E-010, 
 50.50,  -7.69E-010, 
 50.60,  -7.43E-010, 
 50.70,  -6.92E-010, 
 50.80,  -8.65E-010, 
 50.90,  -9.34E-010, 
 51.00,  -9.19E-010, 
 51.10,  -8.57E-010, 
 51.20,  -7.08E-010, 
 51.30,  -7.27E-010, 
 51.40,  -8.73E-010, 
 51.50,  -8.07E-010, 
 51.60,  -6.35E-010, 
 51.70,  -6.00E-010, 
 51.80,  -7.63E-010, 
 51.90,  -7.22E-010, 
 52.00,  -7.86E-010, 
 52.10,  -6.96E-010, 
 52.20,  -9.22E-010, 
 52.30,  -8.05E-010, 
 52.40,  -7.71E-010, 
 52.50,  -8.01E-010, 
 52.60,  -6.61E-010, 
 52.70,  -6.54E-010, 
 52.80,  -6.29E-010, 
 52.90,  -5.69E-010, 
 53.00,  -5.48E-010, 
 53.10,  -5.93E-010, 
 53.20,  -5.31E-010, 
 53.30,  -6.83E-010, 
 53.40,  -6.59E-010, 
 53.50,  -7.13E-010, 
 53.60,  -6.37E-010, 
 53.70,  -6.47E-010, 
 53.80,  -7.72E-010, 
 53.90,  -5.60E-010, 
 54.00,  -6.04E-010, 
 54.10,  -5.80E-010, 
 54.20,  -6.01E-010, 
 54.30,  -7.24E-010, 
 54.40,  -6.41E-010, 
 54.50,  -6.71E-010, 
 54.60,  -9.06E-010, 
 54.70,  -8.98E-010, 
 54.80,  -7.90E-010, 
 54.90,  -7.78E-010, 
 55.00,  -6.99E-010, 
 55.10,  -7.19E-010, 
 55.20,  -8.87E-010, 
 55.30,  -8.11E-010, 
 55.40,  -6.33E-010, 
 55.50,  -8.12E-010, 
 55.60,  -7.67E-010, 
 55.70,  -8.27E-010, 
 55.80,  -9.11E-010, 
 55.90,  -8.89E-010, 
 56.00,  -9.28E-010, 
 56.10,  -1.08E-009, 
 56.20,  -9.48E-010, 
 56.30,  -8.77E-010, 
 56.40,  -1.01E-009, 
 56.50,  -9.65E-010, 
 56.60,  -9.42E-010, 
 56.70,  -9.31E-010, 
 56.80,  -7.19E-010, 
 56.90,  -6.57E-010, 
 57.00,  -8.80E-010, 
 57.10,  -7.48E-010, 
 57.20,  -7.65E-010, 
 57.30,  -7.99E-010, 
 57.40,  -6.64E-010, 
 57.50,  -6.82E-010, 
 57.60,  -7.66E-010, 
 57.70,  -8.86E-010, 
 57.80,  -9.45E-010, 
 57.90,  -9.82E-010, 
 58.00,  -9.94E-010, 
 58.10,  -7.37E-010, 
 58.20,  -7.96E-010, 
 58.30,  -6.75E-010, 
 58.40,  -6.57E-010, 
 58.50,  -7.87E-010, 
 58.60,  -8.88E-010, 
 58.70,  -8.33E-010, 
 58.80,  -8.96E-010, 
 58.90,  -7.66E-010, 
 59.00,  -5.48E-010, 
 59.10,  -7.01E-010, 
 59.20,  -7.52E-010, 
 59.30,  -5.80E-010, 
 59.40,  -6.58E-010, 
 59.50,  -8.10E-010, 
 59.60,  -8.99E-010, 
 59.70,  -1.04E-009, 
 59.80,  -9.12E-010, 
 59.90,  -7.24E-010, 
 60.00,  -7.94E-010, 
 60.10,  -8.87E-010, 
 60.20,  -9.39E-010, 
 60.30,  -1.05E-009, 
 60.40,  -8.93E-010, 
 60.50,  -8.76E-010, 
 60.60,  -1.05E-009, 
 60.70,  -9.51E-010, 
 60.80,  -7.02E-010, 
 60.90,  -7.78E-010, 
 61.00,  -8.28E-010, 
 61.10,  -7.14E-010, 
 61.20,  -9.00E-010, 
 61.30,  -7.77E-010, 
 61.40,  -7.46E-010, 
 61.50,  -7.87E-010, 
 61.60,  -7.41E-010, 
 61.70,  -6.46E-010, 
 61.80,  -6.95E-010, 
 61.90,  -7.98E-010, 
 62.00,  -6.22E-010, 
 62.10,  -7.73E-010, 
 62.20,  -8.41E-010, 
 62.30,  -6.86E-010, 
 62.40,  -8.37E-010, 
 62.50,  -7.90E-010, 
 62.60,  -7.41E-010, 
 62.70,  -9.14E-010, 
 62.80,  -9.11E-010, 
 62.90,  -9.10E-010, 
 63.00,  -9.47E-010, 
 63.10,  -9.00E-010, 
 63.20,  -7.47E-010, 
 63.30,  -6.64E-010, 
 63.40,  -6.45E-010, 
 63.50,  -4.99E-010, 
 63.60,  -6.51E-010, 
 63.70,  -6.64E-010, 
 63.80,  -5.99E-010, 
 63.90,  -7.20E-010, 
 64.00,  -7.90E-010, 
 64.10,  -8.11E-010, 
 64.20,  -9.07E-010, 
 64.30,  -7.12E-010, 
 64.40,  -6.69E-010, 
 64.50,  -9.92E-010, 
 64.60,  -9.94E-010, 
 64.70,  -8.81E-010, 
 64.80,  -9.60E-010, 
 64.90,  -7.76E-010, 
 65.00,  -7.58E-010, 
 65.10,  -8.42E-010, 
 65.20,  -7.55E-010, 
 65.30,  -7.54E-010, 
 65.40,  -9.59E-010, 
 65.50,  -9.13E-010, 
 65.60,  -7.80E-010, 
 65.70,  -9.02E-010, 
 65.80,  -9.46E-010, 
 65.90,  -8.69E-010, 
 66.00,  -9.87E-010, 
 66.10,  -8.31E-010, 
 66.20,  -6.46E-010, 
 66.30,  -7.17E-010, 
 66.40,  -5.80E-010, 
 66.50,  -6.90E-010, 
 66.60,  -8.92E-010, 
 66.70,  -9.42E-010, 
 66.80,  -6.42E-010, 
 66.90,  -7.22E-010, 
 67.00,  -7.46E-010, 
 67.10,  -6.71E-010, 
 67.20,  -8.90E-010, 
 67.30,  -9.34E-010, 
 67.40,  -8.81E-010, 
 67.50,  -8.61E-010, 
 67.60,  -7.48E-010, 
 67.70,  -6.11E-010, 
 67.80,  -6.82E-010, 
 67.90,  -8.00E-010, 
 68.00,  -9.20E-010, 
 68.10,  -9.48E-010, 
 68.20,  -1.01E-009, 
 68.30,  -9.35E-010, 
 68.40,  -9.80E-010, 
 68.50,  -7.69E-010, 
 68.60,  -4.73E-010, 
 68.70,  -5.39E-010, 
 68.80,  -6.22E-010, 
 68.90,  -7.00E-010, 
 69.00,  -1.00E-009, 
 69.10,  -9.89E-010, 
 69.20,  -8.48E-010, 
 69.30,  -9.90E-010, 
 69.40,  -8.83E-010, 
 69.50,  -9.45E-010, 
 69.60,  -1.01E-009, 
 69.70,  -7.98E-010, 
 69.80,  -4.63E-010, 
 69.90,  -7.36E-010, 
 70.00,  -7.82E-010, 
 70.10,  -6.27E-010, 
 70.20,  -8.05E-010, 
 70.30,  -9.16E-010, 
 70.40,  -8.05E-010, 
 70.50,  -8.94E-010, 
 70.60,  -9.20E-010, 
 70.70,  -8.36E-010, 
 70.80,  -8.70E-010, 
 70.90,  -9.34E-010, 
 71.00,  -8.33E-010, 
 71.10,  -9.66E-010, 
 71.20,  -8.48E-010, 
 71.30,  -6.30E-010, 
 71.40,  -5.60E-010, 
 71.50,  -7.04E-010, 
 71.60,  -7.33E-010, 
 71.70,  -9.08E-010, 
 71.80,  -8.13E-010, 
 71.90,  -8.60E-010, 
 72.00,  -9.96E-010, 
 72.10,  -9.55E-010, 
 72.20,  -8.23E-010, 
 72.30,  -8.83E-010, 
 72.40,  -8.69E-010, 
 72.50,  -8.14E-010, 
 72.60,  -9.61E-010, 
 72.70,  -9.24E-010, 
 72.80,  -6.82E-010, 
 72.90,  -7.59E-010, 
 73.00,  -6.87E-010, 
 73.10,  -6.99E-010, 
 73.20,  -7.36E-010, 
 73.30,  -7.22E-010, 
 73.40,  -5.55E-010, 
 73.50,  -7.70E-010, 
 73.60,  -8.57E-010, 
 73.70,  -7.04E-010, 
 73.80,  -8.06E-010, 
 73.90,  -7.54E-010, 
 74.00,  -6.58E-010, 
 74.10,  -8.11E-010, 
 74.20,  -7.71E-010, 
 74.30,  -6.66E-010, 
 74.40,  -7.80E-010, 
 74.50,  -9.20E-010, 
 74.60,  -6.25E-010, 
 74.70,  -7.60E-010, 
 74.80,  -8.30E-010, 
 74.90,  -4.92E-010, 
 75.00,  -7.57E-010, 
 75.10,  -9.34E-010, 
 75.20,  -7.81E-010, 
 75.30,  -8.02E-010, 
 75.40,  -8.60E-010, 
 75.50,  -8.19E-010, 
 75.60,  -9.36E-010, 
 75.70,  -1.03E-009, 
 75.80,  -7.87E-010, 
 75.90,  -7.69E-010, 
 76.00,  -7.17E-010, 
 76.10,  -8.01E-010, 
 76.20,  -1.03E-009, 
 76.30,  -1.03E-009, 
 76.40,  -8.71E-010, 
 76.50,  -1.06E-009, 
 76.60,  -1.01E-009, 
 76.70,  -9.51E-010, 
 76.80,  -1.06E-009, 
 76.90,  -9.88E-010, 
 77.00,  -8.82E-010, 
 77.10,  -9.42E-010, 
 77.20,  -9.02E-010, 
 77.30,  -9.04E-010, 
 77.40,  -9.81E-010, 
 77.50,  -1.00E-009, 
 77.60,  -8.52E-010, 
 77.70,  -1.07E-009, 
 77.80,  -1.12E-009, 
 77.90,  -9.69E-010, 
 78.00,  -1.09E-009, 
 78.10,  -1.06E-009, 
 78.20,  -9.30E-010, 
 78.30,  -8.69E-010, 
 78.40,  -7.95E-010, 
 78.50,  -6.75E-010, 
 78.60,  -7.83E-010, 
 78.70,  -7.46E-010, 
 78.80,  -6.54E-010, 
 78.90,  -8.11E-010, 
 79.00,  -7.30E-010, 
 79.10,  -6.82E-010, 
 79.20,  -6.48E-010, 
 79.30,  -5.25E-010, 
 79.40,  -5.92E-010, 
 79.50,  -6.13E-010, 
 79.60,  -5.27E-010, 
 79.70,  -6.99E-010, 
 79.80,  -5.63E-010, 
 79.90,  -4.00E-010, 
 80.00,  -6.51E-010, 
 80.10,  -7.30E-010, 
 80.20,  -6.67E-010, 
 80.30,  -6.08E-010, 
 80.40,  -4.60E-010, 
 80.50,  -3.82E-010, 
 80.60,  -6.40E-010, 
 80.70,  -4.93E-010, 
 80.80,  -5.00E-010, 
 80.90,  -6.43E-010, 
 81.00,  -4.90E-010, 
 81.10,  -5.01E-010, 
 81.20,  -6.22E-010, 
 81.30,  -4.94E-010, 
 81.40,  -3.57E-010, 
 81.50,  -4.78E-010, 
 81.60,  -5.95E-010, 
 81.70,  -4.06E-010, 
 81.80,  -5.65E-010, 
 81.90,  -4.80E-010, 
 82.00,  -3.34E-010, 
 82.10,  -4.67E-010, 
 82.20,  -3.25E-010, 
 82.30,  -3.10E-010, 
 82.40,  -3.59E-010, 
 82.50,  -6.19E-010, 
 82.60,  -5.28E-010, 
 82.70,  -6.72E-010, 
 82.80,  -6.19E-010, 
 82.90,  -6.01E-010, 
 83.00,  -6.57E-010, 
 83.10,  -5.77E-010, 
 83.20,  -5.99E-010, 
 83.30,  -7.14E-010, 
 83.40,  -6.06E-010, 
 83.50,  -6.02E-010, 
 83.60,  -6.75E-010, 
 83.70,  -4.41E-010, 
 83.80,  -5.06E-010, 
 83.90,  -6.93E-010, 
 84.00,  -6.66E-010, 
 84.10,  -5.14E-010, 
 84.20,  -5.30E-010, 
 84.30,  -4.98E-010, 
 84.40,  -4.46E-010, 
 84.50,  -5.43E-010, 
 84.60,  -5.88E-010, 
 84.70,  -3.66E-010, 
 84.80,  -3.37E-010, 
 84.90,  -3.58E-010, 
 85.00,  -2.13E-010, 
 85.10,  -4.71E-010, 
 85.20,  -6.28E-010, 
 85.30,  -5.17E-010, 
 85.40,  -6.08E-010, 
 85.50,  -6.55E-010, 
 85.60,  -6.87E-010, 
 85.70,  -6.12E-010, 
 85.80,  -5.18E-010, 
 85.90,  -4.10E-010, 
 86.00,  -5.66E-010, 
 86.10,  -4.02E-010, 
 86.20,  -3.58E-010, 
 86.30,  -5.02E-010, 
 86.40,  -5.20E-010, 
 86.50,  -5.00E-010, 
 86.60,  -6.95E-010, 
 86.70,  -6.70E-010, 
 86.80,  -5.27E-010, 
 86.90,  -6.53E-010, 
 87.00,  -5.58E-010, 
 87.10,  -5.58E-010, 
 87.20,  -6.54E-010, 
 87.30,  -6.24E-010, 
 87.40,  -6.12E-010, 
 87.50,  -5.41E-010, 
 87.60,  -5.40E-010, 
 87.70,  -3.17E-010, 
 87.80,  -3.40E-010, 
 87.90,  -4.24E-010, 
 88.00,  -3.98E-010, 
 88.10,  -6.16E-010, 
 88.20,  -4.54E-010, 
 88.30,  -4.36E-010, 
 88.40,  -5.07E-010, 
 88.50,  -3.92E-010, 
 88.60,  -3.20E-010, 
 88.70,  -4.36E-010, 
 88.80,  -3.93E-010, 
 88.90,  -4.88E-010, 
 89.00,  -6.18E-010, 
 89.10,  -4.95E-010, 
 89.20,  -3.01E-010, 
 89.30,  -4.37E-010, 
 89.40,  -3.46E-010, 
 89.50,  -3.66E-010, 
 89.60,  -5.84E-010, 
 89.70,  -5.95E-010, 
 89.80,  -5.84E-010, 
 89.90,  -5.77E-010, 
 90.00,  -3.81E-010, 
 90.10,  -1.75E-010, 
 90.20,  -3.33E-010, 
 90.30,  -4.63E-010, 
 90.40,  -3.17E-010, 
 90.50,  -3.82E-010, 
 90.60,  -4.22E-010, 
 90.70,  -3.20E-010, 
 90.80,  -5.30E-010, 
 90.90,  -4.22E-010, 
 91.00,  -4.33E-010, 
 91.10,  -5.66E-010, 
 91.20,  -5.67E-010, 
 91.30,  -4.94E-010, 
 91.40,  -5.77E-010, 
 91.50,  -4.41E-010, 
 91.60,  -4.82E-010, 
 91.70,  -6.36E-010, 
 91.80,  -5.70E-010, 
 91.90,  -4.84E-010, 
 92.00,  -5.88E-010, 
 92.10,  -5.95E-010, 
 92.20,  -5.61E-010, 
 92.30,  -6.35E-010, 
 92.40,  -6.25E-010, 
 92.50,  -4.89E-010, 
 92.60,  -5.13E-010, 
 92.70,  -5.41E-010, 
 92.80,  -4.36E-010, 
 92.90,  -5.81E-010, 
 93.00,  -5.47E-010, 
 93.10,  -4.45E-010, 
 93.20,  -4.80E-010, 
 93.30,  -4.30E-010, 
 93.40,  -3.06E-010, 
 93.50,  -3.90E-010, 
 93.60,  -3.23E-010, 
 93.70,  -3.96E-010, 
 93.80,  -6.58E-010, 
 93.90,  -5.05E-010, 
 94.00,  -5.63E-010, 
 94.10,  -6.77E-010, 
 94.20,  -5.58E-010, 
 94.30,  -4.54E-010, 
 94.40,  -4.54E-010, 
 94.50,  -4.70E-010, 
 94.60,  -4.48E-010, 
 94.70,  -4.99E-010, 
 94.80,  -4.14E-010, 
 94.90,  -2.95E-010, 
 95.00,  -4.69E-010, 
 95.10,  -4.05E-010, 
 95.20,  -4.10E-010, 
 95.30,  -7.52E-010, 
 95.40,  -7.55E-010, 
 95.50,  -5.23E-010, 
 95.60,  -5.11E-010, 
 95.70,  -4.83E-010, 
 95.80,  -3.34E-010, 
 95.90,  -6.13E-010, 
 96.00,  -5.58E-010, 
 96.10,  -4.48E-010, 
 96.20,  -4.37E-010, 
 96.30,  -5.01E-010, 
 96.40,  -3.69E-010, 
 96.50,  -4.43E-010, 
 96.60,  -6.08E-010, 
 96.70,  -4.20E-010, 
 96.80,  -4.34E-010, 
 96.90,  -5.00E-010, 
 97.00,  -4.70E-010, 
 97.10,  -6.59E-010, 
 97.20,  -7.02E-010, 
 97.30,  -5.51E-010, 
 97.40,  -7.13E-010, 
 97.50,  -4.86E-010, 
 97.60,  -3.66E-010, 
 97.70,  -5.66E-010, 
 97.80,  -5.25E-010, 
 97.90,  -4.73E-010, 
 98.00,  -4.64E-010, 
 98.10,  -4.48E-010, 
 98.20,  -4.00E-010, 
 98.30,  -4.95E-010, 
 98.40,  -4.95E-010, 
 98.50,  -5.81E-010, 
 98.60,  -8.58E-010, 
 98.70,  -7.82E-010, 
 98.80,  -4.14E-010, 
 98.90,  -6.02E-010, 
 99.00,  -6.22E-010, 
 99.10,  -5.93E-010, 
 99.20,  -6.27E-010, 
 99.30,  -5.63E-010, 
 99.40,  -3.24E-010, 
 99.50,  -6.07E-010, 
 99.60,  -7.31E-010, 
 99.70,  -5.00E-010, 
 99.80,  -6.58E-010, 
 99.90,  -6.00E-010, 
 100.00,  -4.90E-010, 
