Jul 09, 2019  09:00:39 AM
Residual Gas Analyzer Software 
Software Version, 3.218.004

Analog Scan Setup:

Data Points in Scan, 991 
Units, Torr 
Noise Floor, 2 
CEM Status, OFF 
Points Per AMU, 10
Scan Start Mass, 1, amu 
Scan Stop Mass, 100, amu
Focus Voltage, 90, Volts 
Ion Energy, HIGH 
Electron Energy, 70, eV 
CEM Voltage, 1000, Volts
CEM Gain, 1.00E+006 
Sensitivity Factor, 8.30E-005 
Filament Current, 1.00, mAmps


  1.00,   3.98E-011, 
  1.10,   5.98E-010, 
  1.20,   7.60E-008, 
  1.30,   4.50E-007, 
  1.40,   1.08E-007, 
  1.50,   5.28E-008, 
  1.60,   1.07E-007, 
  1.70,   1.84E-007, 
  1.80,   2.46E-007, 
  1.90,   2.95E-007, 
  2.00,   3.19E-007, 
  2.10,   3.14E-007, 
  2.20,   2.96E-007, 
  2.30,   2.00E-007, 
  2.40,   5.69E-008, 
  2.50,   1.74E-008, 
  2.60,   8.57E-009, 
  2.70,   4.94E-009, 
  2.80,   3.35E-009, 
  2.90,   2.07E-009, 
  3.00,   1.55E-009, 
  3.10,   1.31E-009, 
  3.20,   9.10E-010, 
  3.30,   5.33E-010, 
  3.40,   5.06E-010, 
  3.50,   1.61E-010, 
  3.60,  -2.41E-011, 
  3.70,   1.93E-010, 
  3.80,   1.02E-010, 
  3.90,  -1.70E-010, 
  4.00,   0.00E+000, 
  4.10,  -1.11E-010, 
  4.20,  -7.35E-011, 
  4.30,  -3.13E-011, 
  4.40,  -2.23E-010, 
  4.50,  -2.14E-010, 
  4.60,  -1.49E-010, 
  4.70,  -3.87E-010, 
  4.80,  -3.90E-010, 
  4.90,  -4.05E-010, 
  5.00,  -5.07E-010, 
  5.10,  -3.61E-010, 
  5.20,  -2.73E-010, 
  5.30,  -4.25E-010, 
  5.40,  -4.93E-010, 
  5.50,  -4.53E-010, 
  5.60,  -5.42E-010, 
  5.70,  -5.29E-010, 
  5.80,  -5.75E-010, 
  5.90,  -6.52E-010, 
  6.00,  -5.70E-010, 
  6.10,  -4.96E-010, 
  6.20,  -6.13E-010, 
  6.30,  -7.19E-010, 
  6.40,  -7.69E-010, 
  6.50,  -8.40E-010, 
  6.60,  -9.65E-010, 
  6.70,  -9.29E-010, 
  6.80,  -9.71E-010, 
  6.90,  -8.75E-010, 
  7.00,  -7.30E-010, 
  7.10,  -8.77E-010, 
  7.20,  -7.24E-010, 
  7.30,  -6.18E-010, 
  7.40,  -8.17E-010, 
  7.50,  -8.47E-010, 
  7.60,  -7.59E-010, 
  7.70,  -7.61E-010, 
  7.80,  -6.23E-010, 
  7.90,  -2.58E-010, 
  8.00,  -2.78E-010, 
  8.10,  -3.40E-010, 
  8.20,  -2.55E-010, 
  8.30,  -3.55E-010, 
  8.40,  -5.14E-010, 
  8.50,  -5.53E-010, 
  8.60,  -8.58E-010, 
  8.70,  -7.37E-010, 
  8.80,  -7.11E-010, 
  8.90,  -9.08E-010, 
  9.00,  -8.08E-010, 
  9.10,  -7.24E-010, 
  9.20,  -6.52E-010, 
  9.30,  -7.02E-010, 
  9.40,  -6.51E-010, 
  9.50,  -6.51E-010, 
  9.60,  -5.63E-010, 
  9.70,  -5.82E-010, 
  9.80,  -7.16E-010, 
  9.90,  -6.61E-010, 
 10.00,  -6.31E-010, 
 10.10,  -7.36E-010, 
 10.20,  -8.04E-010, 
 10.30,  -6.11E-010, 
 10.40,  -7.63E-010, 
 10.50,  -7.33E-010, 
 10.60,  -6.29E-010, 
 10.70,  -6.61E-010, 
 10.80,  -6.94E-010, 
 10.90,  -6.75E-010, 
 11.00,  -8.24E-010, 
 11.10,  -7.63E-010, 
 11.20,  -8.24E-010, 
 11.30,  -8.70E-010, 
 11.40,  -7.83E-010, 
 11.50,  -5.73E-010, 
 11.60,   2.52E-010, 
 11.70,   1.83E-009, 
 11.80,   3.67E-009, 
 11.90,   5.61E-009, 
 12.00,   7.51E-009, 
 12.10,   9.05E-009, 
 12.20,   8.86E-009, 
 12.30,   5.82E-009, 
 12.40,   2.72E-009, 
 12.50,   1.22E-009, 
 12.60,   4.87E-010, 
 12.70,   4.05E-010, 
 12.80,   1.14E-010, 
 12.90,  -2.05E-011, 
 13.00,   1.48E-010, 
 13.10,   1.31E-010, 
 13.20,   1.07E-010, 
 13.30,   1.04E-010, 
 13.40,   4.37E-010, 
 13.50,   3.50E-009, 
 13.60,   2.16E-008, 
 13.70,   5.10E-008, 
 13.80,   7.97E-008, 
 13.90,   9.99E-008, 
 14.00,   1.16E-007, 
 14.10,   1.20E-007, 
 14.20,   1.04E-007, 
 14.30,   4.07E-008, 
 14.40,   1.38E-008, 
 14.50,   7.12E-009, 
 14.60,   4.35E-009, 
 14.70,   3.57E-009, 
 14.80,   3.62E-009, 
 14.90,   3.76E-009, 
 15.00,   4.24E-009, 
 15.10,   4.73E-009, 
 15.20,   4.91E-009, 
 15.30,   4.41E-009, 
 15.40,   5.14E-009, 
 15.50,   1.89E-008, 
 15.60,   1.06E-007, 
 15.70,   2.19E-007, 
 15.80,   2.89E-007, 
 15.90,   3.36E-007, 
 16.00,   3.70E-007, 
 16.10,   3.78E-007, 
 16.20,   3.15E-007, 
 16.30,   7.55E-008, 
 16.40,   4.52E-008, 
 16.50,   2.22E-007, 
 16.60,   1.07E-006, 
 16.70,   1.67E-006, 
 16.80,   2.26E-006, 
 16.90,   2.55E-006, 
 17.00,   2.80E-006, 
 17.10,   2.90E-006, 
 17.20,   2.36E-006, 
 17.30,   2.54E-007, 
 17.40,   1.74E-007, 
 17.50,   1.07E-006, 
 17.60,   4.47E-006, 
 17.70,   6.77E-006, 
 17.80,   9.24E-006, 
 17.90,   1.03E-005, 
 18.00,   1.15E-005, 
 18.10,   1.20E-005, 
 18.20,   9.99E-006, 
 18.30,   7.25E-007, 
 18.40,   4.27E-008, 
 18.50,   1.97E-008, 
 18.60,   2.21E-008, 
 18.70,   3.53E-008, 
 18.80,   5.40E-008, 
 18.90,   6.57E-008, 
 19.00,   7.76E-008, 
 19.10,   8.38E-008, 
 19.20,   7.84E-008, 
 19.30,   3.83E-008, 
 19.40,   1.43E-008, 
 19.50,   8.10E-009, 
 19.60,   8.61E-009, 
 19.70,   1.23E-008, 
 19.80,   1.81E-008, 
 19.90,   2.26E-008, 
 20.00,   2.67E-008, 
 20.10,   3.03E-008, 
 20.20,   3.04E-008, 
 20.30,   1.77E-008, 
 20.40,   7.97E-009, 
 20.50,   4.45E-009, 
 20.60,   2.59E-009, 
 20.70,   1.68E-009, 
 20.80,   1.21E-009, 
 20.90,   6.12E-010, 
 21.00,   5.49E-010, 
 21.10,   6.80E-010, 
 21.20,   4.47E-010, 
 21.30,   2.05E-010, 
 21.40,   1.37E-010, 
 21.50,   1.82E-010, 
 21.60,   2.23E-010, 
 21.70,   1.57E-010, 
 21.80,   1.05E-010, 
 21.90,   3.58E-010, 
 22.00,   5.81E-010, 
 22.10,   5.58E-010, 
 22.20,   5.84E-010, 
 22.30,   4.83E-010, 
 22.40,   2.41E-012, 
 22.50,  -2.40E-010, 
 22.60,  -2.42E-010, 
 22.70,  -2.75E-010, 
 22.80,  -2.78E-010, 
 22.90,  -3.60E-010, 
 23.00,  -4.20E-010, 
 23.10,  -4.23E-010, 
 23.20,  -3.52E-010, 
 23.30,  -5.73E-010, 
 23.40,  -5.98E-010, 
 23.50,  -5.40E-010, 
 23.60,  -5.64E-010, 
 23.70,  -5.82E-010, 
 23.80,  -5.92E-010, 
 23.90,  -5.60E-010, 
 24.00,  -5.65E-010, 
 24.10,  -4.52E-010, 
 24.20,  -5.43E-010, 
 24.30,  -5.63E-010, 
 24.40,  -5.81E-010, 
 24.50,  -6.59E-010, 
 24.60,  -6.01E-010, 
 24.70,  -6.90E-010, 
 24.80,  -8.00E-010, 
 24.90,  -7.29E-010, 
 25.00,  -6.57E-010, 
 25.10,  -7.01E-010, 
 25.20,  -5.94E-010, 
 25.30,  -5.99E-010, 
 25.40,  -6.16E-010, 
 25.50,  -5.92E-010, 
 25.60,  -4.49E-010, 
 25.70,  -5.67E-010, 
 25.80,  -2.45E-010, 
 25.90,  -7.23E-011, 
 26.00,  -1.77E-010, 
 26.10,  -1.52E-010, 
 26.20,  -4.82E-012, 
 26.30,  -3.75E-010, 
 26.40,  -4.69E-010, 
 26.50,  -3.07E-010, 
 26.60,  -3.04E-010, 
 26.70,  -8.80E-011, 
 26.80,   2.16E-010, 
 26.90,   6.58E-010, 
 27.00,   1.56E-009, 
 27.10,   3.20E-009, 
 27.20,   5.97E-009, 
 27.30,   1.27E-008, 
 27.40,   2.78E-008, 
 27.50,   1.80E-007, 
 27.60,   7.20E-007, 
 27.70,   1.11E-006, 
 27.80,   1.49E-006, 
 27.90,   1.66E-006, 
 28.00,   1.76E-006, 
 28.10,   1.90E-006, 
 28.20,   1.55E-006, 
 28.30,   1.79E-007, 
 28.40,   2.72E-008, 
 28.50,   1.34E-008, 
 28.60,   1.17E-008, 
 28.70,   1.31E-008, 
 28.80,   1.69E-008, 
 28.90,   2.03E-008, 
 29.00,   2.25E-008, 
 29.10,   2.40E-008, 
 29.20,   2.39E-008, 
 29.30,   1.39E-008, 
 29.40,   6.69E-009, 
 29.50,   4.19E-009, 
 29.60,   3.93E-009, 
 29.70,   4.61E-009, 
 29.80,   6.11E-009, 
 29.90,   7.21E-009, 
 30.00,   8.30E-009, 
 30.10,   8.88E-009, 
 30.20,   8.54E-009, 
 30.30,   5.42E-009, 
 30.40,   2.93E-009, 
 30.50,   1.57E-009, 
 30.60,   9.77E-010, 
 30.70,   6.87E-010, 
 30.80,   6.47E-010, 
 30.90,   9.20E-010, 
 31.00,   1.39E-009, 
 31.10,   2.26E-009, 
 31.20,   4.16E-009, 
 31.30,   7.07E-009, 
 31.40,   1.54E-008, 
 31.50,   7.91E-008, 
 31.60,   3.46E-007, 
 31.70,   5.62E-007, 
 31.80,   7.07E-007, 
 31.90,   8.61E-007, 
 32.00,   8.72E-007, 
 32.10,   8.89E-007, 
 32.20,   6.25E-007, 
 32.30,   7.82E-008, 
 32.40,   2.01E-008, 
 32.50,   9.96E-009, 
 32.60,   6.11E-009, 
 32.70,   4.25E-009, 
 32.80,   3.47E-009, 
 32.90,   3.10E-009, 
 33.00,   2.76E-009, 
 33.10,   2.61E-009, 
 33.20,   2.43E-009, 
 33.30,   1.95E-009, 
 33.40,   1.28E-009, 
 33.50,   9.63E-010, 
 33.60,   1.16E-009, 
 33.70,   1.58E-009, 
 33.80,   2.07E-009, 
 33.90,   2.60E-009, 
 34.00,   3.26E-009, 
 34.10,   3.44E-009, 
 34.20,   3.26E-009, 
 34.30,   2.19E-009, 
 34.40,   1.08E-009, 
 34.50,   5.67E-010, 
 34.60,   3.52E-010, 
 34.70,   3.22E-010, 
 34.80,   1.67E-010, 
 34.90,   8.19E-011, 
 35.00,  -3.37E-011, 
 35.10,  -2.24E-010, 
 35.20,  -9.16E-011, 
 35.30,  -9.76E-011, 
 35.40,  -2.40E-010, 
 35.50,  -1.34E-010, 
 35.60,  -2.55E-010, 
 35.70,  -2.76E-010, 
 35.80,   8.43E-012, 
 35.90,  -3.13E-011, 
 36.00,   6.27E-011, 
 36.10,   6.27E-011, 
 36.20,  -1.20E-012, 
 36.30,  -2.33E-010, 
 36.40,  -2.25E-010, 
 36.50,  -2.35E-010, 
 36.60,  -3.88E-010, 
 36.70,  -3.11E-010, 
 36.80,  -5.29E-010, 
 36.90,  -6.37E-010, 
 37.00,  -4.90E-010, 
 37.10,  -6.78E-010, 
 37.20,  -6.76E-010, 
 37.30,  -5.34E-010, 
 37.40,  -6.00E-010, 
 37.50,  -6.25E-010, 
 37.60,  -5.31E-010, 
 37.70,  -4.07E-010, 
 37.80,  -3.52E-010, 
 37.90,  -4.58E-010, 
 38.00,  -6.76E-010, 
 38.10,  -6.14E-010, 
 38.20,  -4.42E-010, 
 38.30,  -5.11E-010, 
 38.40,  -7.40E-010, 
 38.50,  -5.81E-010, 
 38.60,  -5.37E-010, 
 38.70,  -5.52E-010, 
 38.80,  -4.61E-010, 
 38.90,  -5.51E-010, 
 39.00,  -4.70E-010, 
 39.10,  -1.98E-010, 
 39.20,  -1.08E-010, 
 39.30,   3.61E-011, 
 39.40,   4.05E-010, 
 39.50,   1.99E-009, 
 39.60,   9.18E-009, 
 39.70,   1.92E-008, 
 39.80,   2.84E-008, 
 39.90,   3.68E-008, 
 40.00,   4.39E-008, 
 40.10,   4.37E-008, 
 40.20,   3.23E-008, 
 40.30,   1.41E-008, 
 40.40,   6.28E-009, 
 40.50,   3.19E-009, 
 40.60,   1.83E-009, 
 40.70,   8.57E-010, 
 40.80,   5.64E-010, 
 40.90,   6.67E-010, 
 41.00,   3.57E-010, 
 41.10,   3.01E-010, 
 41.20,   3.53E-010, 
 41.30,  -2.41E-012, 
 41.40,  -1.16E-010, 
 41.50,  -1.78E-010, 
 41.60,  -2.75E-010, 
 41.70,  -3.42E-010, 
 41.80,  -1.96E-010, 
 41.90,  -1.36E-010, 
 42.00,  -1.23E-010, 
 42.10,  -8.19E-011, 
 42.20,  -6.14E-011, 
 42.30,  -1.33E-010, 
 42.40,  -2.13E-010, 
 42.50,  -3.43E-010, 
 42.60,  -3.34E-010, 
 42.70,  -1.81E-011, 
 42.80,   3.65E-010, 
 42.90,   7.58E-010, 
 43.00,   1.23E-009, 
 43.10,   1.38E-009, 
 43.20,   1.71E-009, 
 43.30,   1.91E-009, 
 43.40,   1.94E-009, 
 43.50,   4.42E-009, 
 43.60,   1.66E-008, 
 43.70,   3.43E-008, 
 43.80,   5.38E-008, 
 43.90,   7.23E-008, 
 44.00,   8.67E-008, 
 44.10,   9.17E-008, 
 44.20,   7.58E-008, 
 44.30,   3.15E-008, 
 44.40,   1.21E-008, 
 44.50,   6.03E-009, 
 44.60,   3.29E-009, 
 44.70,   2.40E-009, 
 44.80,   1.97E-009, 
 44.90,   1.58E-009, 
 45.00,   1.78E-009, 
 45.10,   1.88E-009, 
 45.20,   1.55E-009, 
 45.30,   9.35E-010, 
 45.40,   4.55E-010, 
 45.50,   3.98E-011, 
 45.60,  -5.78E-011, 
 45.70,  -3.25E-011, 
 45.80,  -2.70E-010, 
 45.90,  -1.70E-010, 
 46.00,   9.76E-011, 
 46.10,   2.05E-011, 
 46.20,   3.98E-011, 
 46.30,   1.33E-011, 
 46.40,  -3.63E-010, 
 46.50,  -3.71E-010, 
 46.60,  -4.02E-010, 
 46.70,  -6.99E-010, 
 46.80,  -7.69E-010, 
 46.90,  -6.66E-010, 
 47.00,  -6.98E-010, 
 47.10,  -5.89E-010, 
 47.20,  -5.07E-010, 
 47.30,  -7.60E-010, 
 47.40,  -8.84E-010, 
 47.50,  -7.22E-010, 
 47.60,  -8.73E-010, 
 47.70,  -7.01E-010, 
 47.80,  -5.51E-010, 
 47.90,  -6.14E-010, 
 48.00,  -5.17E-010, 
 48.10,  -3.75E-010, 
 48.20,  -5.77E-010, 
 48.30,  -5.70E-010, 
 48.40,  -6.75E-010, 
 48.50,  -8.63E-010, 
 48.60,  -8.60E-010, 
 48.70,  -7.35E-010, 
 48.80,  -9.23E-010, 
 48.90,  -8.48E-010, 
 49.00,  -6.80E-010, 
 49.10,  -8.19E-010, 
 49.20,  -8.92E-010, 
 49.30,  -9.02E-010, 
 49.40,  -8.65E-010, 
 49.50,  -8.40E-010, 
 49.60,  -6.30E-010, 
 49.70,  -7.40E-010, 
 49.80,  -7.77E-010, 
 49.90,  -8.16E-010, 
 50.00,  -9.69E-010, 
 50.10,  -9.88E-010, 
 50.20,  -8.84E-010, 
 50.30,  -8.23E-010, 
 50.40,  -7.02E-010, 
 50.50,  -7.19E-010, 
 50.60,  -9.05E-010, 
 50.70,  -8.27E-010, 
 50.80,  -7.87E-010, 
 50.90,  -7.16E-010, 
 51.00,  -7.17E-010, 
 51.10,  -6.82E-010, 
 51.20,  -8.31E-010, 
 51.30,  -8.66E-010, 
 51.40,  -7.96E-010, 
 51.50,  -6.51E-010, 
 51.60,  -7.04E-010, 
 51.70,  -6.28E-010, 
 51.80,  -8.49E-010, 
 51.90,  -7.89E-010, 
 52.00,  -6.36E-010, 
 52.10,  -8.76E-010, 
 52.20,  -9.77E-010, 
 52.30,  -9.65E-010, 
 52.40,  -9.23E-010, 
 52.50,  -8.99E-010, 
 52.60,  -7.71E-010, 
 52.70,  -9.65E-010, 
 52.80,  -9.29E-010, 
 52.90,  -6.86E-010, 
 53.00,  -8.00E-010, 
 53.10,  -8.33E-010, 
 53.20,  -7.01E-010, 
 53.30,  -7.29E-010, 
 53.40,  -6.37E-010, 
 53.50,  -7.94E-010, 
 53.60,  -9.34E-010, 
 53.70,  -9.71E-010, 
 53.80,  -8.47E-010, 
 53.90,  -7.82E-010, 
 54.00,  -8.95E-010, 
 54.10,  -6.65E-010, 
 54.20,  -9.31E-010, 
 54.30,  -8.57E-010, 
 54.40,  -6.67E-010, 
 54.50,  -7.41E-010, 
 54.60,  -7.33E-010, 
 54.70,  -7.23E-010, 
 54.80,  -9.58E-010, 
 54.90,  -9.39E-010, 
 55.00,  -8.39E-010, 
 55.10,  -9.46E-010, 
 55.20,  -9.93E-010, 
 55.30,  -9.90E-010, 
 55.40,  -1.02E-009, 
 55.50,  -8.98E-010, 
 55.60,  -7.75E-010, 
 55.70,  -9.93E-010, 
 55.80,  -9.35E-010, 
 55.90,  -8.33E-010, 
 56.00,  -8.40E-010, 
 56.10,  -9.35E-010, 
 56.20,  -8.70E-010, 
 56.30,  -1.00E-009, 
 56.40,  -9.80E-010, 
 56.50,  -8.89E-010, 
 56.60,  -9.31E-010, 
 56.70,  -8.65E-010, 
 56.80,  -7.83E-010, 
 56.90,  -7.49E-010, 
 57.00,  -8.12E-010, 
 57.10,  -5.07E-010, 
 57.20,  -6.59E-010, 
 57.30,  -6.92E-010, 
 57.40,  -7.46E-010, 
 57.50,  -8.05E-010, 
 57.60,  -7.92E-010, 
 57.70,  -8.49E-010, 
 57.80,  -7.39E-010, 
 57.90,  -8.40E-010, 
 58.00,  -8.77E-010, 
 58.10,  -9.84E-010, 
 58.20,  -9.11E-010, 
 58.30,  -7.55E-010, 
 58.40,  -1.01E-009, 
 58.50,  -7.72E-010, 
 58.60,  -8.10E-010, 
 58.70,  -9.69E-010, 
 58.80,  -9.07E-010, 
 58.90,  -8.30E-010, 
 59.00,  -1.02E-009, 
 59.10,  -9.58E-010, 
 59.20,  -6.65E-010, 
 59.30,  -9.11E-010, 
 59.40,  -8.70E-010, 
 59.50,  -1.08E-009, 
 59.60,  -1.05E-009, 
 59.70,  -8.39E-010, 
 59.80,  -8.87E-010, 
 59.90,  -9.89E-010, 
 60.00,  -9.53E-010, 
 60.10,  -9.46E-010, 
 60.20,  -9.73E-010, 
 60.30,  -1.03E-009, 
 60.40,  -9.22E-010, 
 60.50,  -9.55E-010, 
 60.60,  -8.63E-010, 
 60.70,  -7.52E-010, 
 60.80,  -8.64E-010, 
 60.90,  -8.54E-010, 
 61.00,  -8.87E-010, 
 61.10,  -1.09E-009, 
 61.20,  -9.96E-010, 
 61.30,  -7.16E-010, 
 61.40,  -9.94E-010, 
 61.50,  -1.03E-009, 
 61.60,  -8.75E-010, 
 61.70,  -9.83E-010, 
 61.80,  -9.51E-010, 
 61.90,  -8.17E-010, 
 62.00,  -8.12E-010, 
 62.10,  -9.17E-010, 
 62.20,  -9.01E-010, 
 62.30,  -1.04E-009, 
 62.40,  -9.42E-010, 
 62.50,  -8.60E-010, 
 62.60,  -1.00E-009, 
 62.70,  -9.61E-010, 
 62.80,  -8.69E-010, 
 62.90,  -8.41E-010, 
 63.00,  -8.13E-010, 
 63.10,  -6.65E-010, 
 63.20,  -9.04E-010, 
 63.30,  -1.10E-009, 
 63.40,  -9.54E-010, 
 63.50,  -9.22E-010, 
 63.60,  -9.12E-010, 
 63.70,  -6.71E-010, 
 63.80,  -6.76E-010, 
 63.90,  -6.98E-010, 
 64.00,  -7.24E-010, 
 64.10,  -8.04E-010, 
 64.20,  -7.24E-010, 
 64.30,  -7.60E-010, 
 64.40,  -8.29E-010, 
 64.50,  -9.48E-010, 
 64.60,  -9.63E-010, 
 64.70,  -9.48E-010, 
 64.80,  -7.73E-010, 
 64.90,  -8.24E-010, 
 65.00,  -9.59E-010, 
 65.10,  -9.29E-010, 
 65.20,  -7.95E-010, 
 65.30,  -1.01E-009, 
 65.40,  -1.05E-009, 
 65.50,  -8.86E-010, 
 65.60,  -1.06E-009, 
 65.70,  -1.00E-009, 
 65.80,  -9.43E-010, 
 65.90,  -8.61E-010, 
 66.00,  -9.59E-010, 
 66.10,  -8.04E-010, 
 66.20,  -9.33E-010, 
 66.30,  -9.88E-010, 
 66.40,  -9.16E-010, 
 66.50,  -9.70E-010, 
 66.60,  -1.05E-009, 
 66.70,  -9.51E-010, 
 66.80,  -1.12E-009, 
 66.90,  -9.89E-010, 
 67.00,  -8.24E-010, 
 67.10,  -9.80E-010, 
 67.20,  -1.00E-009, 
 67.30,  -8.82E-010, 
 67.40,  -9.86E-010, 
 67.50,  -8.99E-010, 
 67.60,  -8.40E-010, 
 67.70,  -1.00E-009, 
 67.80,  -6.54E-010, 
 67.90,  -6.40E-010, 
 68.00,  -1.01E-009, 
 68.10,  -9.04E-010, 
 68.20,  -6.98E-010, 
 68.30,  -8.82E-010, 
 68.40,  -9.60E-010, 
 68.50,  -8.37E-010, 
 68.60,  -8.14E-010, 
 68.70,  -8.70E-010, 
 68.80,  -6.70E-010, 
 68.90,  -7.71E-010, 
 69.00,  -8.33E-010, 
 69.10,  -7.04E-010, 
 69.20,  -7.75E-010, 
 69.30,  -7.70E-010, 
 69.40,  -6.47E-010, 
 69.50,  -7.88E-010, 
 69.60,  -8.04E-010, 
 69.70,  -6.88E-010, 
 69.80,  -7.90E-010, 
 69.90,  -8.87E-010, 
 70.00,  -7.34E-010, 
 70.10,  -9.78E-010, 
 70.20,  -1.08E-009, 
 70.30,  -9.35E-010, 
 70.40,  -8.96E-010, 
 70.50,  -7.78E-010, 
 70.60,  -7.60E-010, 
 70.70,  -9.52E-010, 
 70.80,  -8.06E-010, 
 70.90,  -6.98E-010, 
 71.00,  -9.07E-010, 
 71.10,  -9.40E-010, 
 71.20,  -8.69E-010, 
 71.30,  -1.04E-009, 
 71.40,  -8.96E-010, 
 71.50,  -8.99E-010, 
 71.60,  -1.10E-009, 
 71.70,  -1.06E-009, 
 71.80,  -1.07E-009, 
 71.90,  -1.11E-009, 
 72.00,  -8.64E-010, 
 72.10,  -6.64E-010, 
 72.20,  -7.94E-010, 
 72.30,  -8.99E-010, 
 72.40,  -9.51E-010, 
 72.50,  -1.04E-009, 
 72.60,  -1.03E-009, 
 72.70,  -9.41E-010, 
 72.80,  -1.07E-009, 
 72.90,  -1.11E-009, 
 73.00,  -1.02E-009, 
 73.10,  -1.02E-009, 
 73.20,  -8.16E-010, 
 73.30,  -7.69E-010, 
 73.40,  -8.69E-010, 
 73.50,  -9.93E-010, 
 73.60,  -7.67E-010, 
 73.70,  -8.89E-010, 
 73.80,  -8.53E-010, 
 73.90,  -8.18E-010, 
 74.00,  -8.96E-010, 
 74.10,  -9.95E-010, 
 74.20,  -1.02E-009, 
 74.30,  -1.20E-009, 
 74.40,  -9.46E-010, 
 74.50,  -1.04E-009, 
 74.60,  -1.09E-009, 
 74.70,  -1.04E-009, 
 74.80,  -1.06E-009, 
 74.90,  -1.01E-009, 
 75.00,  -8.06E-010, 
 75.10,  -8.63E-010, 
 75.20,  -9.67E-010, 
 75.30,  -9.61E-010, 
 75.40,  -9.84E-010, 
 75.50,  -1.01E-009, 
 75.60,  -1.10E-009, 
 75.70,  -8.81E-010, 
 75.80,  -1.03E-009, 
 75.90,  -1.00E-009, 
 76.00,  -9.33E-010, 
 76.10,  -1.04E-009, 
 76.20,  -1.05E-009, 
 76.30,  -1.02E-009, 
 76.40,  -1.12E-009, 
 76.50,  -1.16E-009, 
 76.60,  -1.03E-009, 
 76.70,  -1.23E-009, 
 76.80,  -1.24E-009, 
 76.90,  -1.13E-009, 
 77.00,  -1.17E-009, 
 77.10,  -1.00E-009, 
 77.20,  -9.49E-010, 
 77.30,  -1.04E-009, 
 77.40,  -8.70E-010, 
 77.50,  -9.17E-010, 
 77.60,  -1.04E-009, 
 77.70,  -1.11E-009, 
 77.80,  -8.92E-010, 
 77.90,  -1.06E-009, 
 78.00,  -9.08E-010, 
 78.10,  -9.93E-010, 
 78.20,  -1.21E-009, 
 78.30,  -1.07E-009, 
 78.40,  -1.04E-009, 
 78.50,  -1.13E-009, 
 78.60,  -9.13E-010, 
 78.70,  -8.82E-010, 
 78.80,  -9.93E-010, 
 78.90,  -9.14E-010, 
 79.00,  -8.65E-010, 
 79.10,  -7.36E-010, 
 79.20,  -6.67E-010, 
 79.30,  -6.94E-010, 
 79.40,  -9.47E-010, 
 79.50,  -9.93E-010, 
 79.60,  -1.07E-009, 
 79.70,  -1.05E-009, 
 79.80,  -1.04E-009, 
 79.90,  -1.20E-009, 
 80.00,  -1.14E-009, 
 80.10,  -8.87E-010, 
 80.20,  -8.42E-010, 
 80.30,  -9.81E-010, 
 80.40,  -9.49E-010, 
 80.50,  -9.51E-010, 
 80.60,  -1.08E-009, 
 80.70,  -1.07E-009, 
 80.80,  -1.07E-009, 
 80.90,  -1.11E-009, 
 81.00,  -9.20E-010, 
 81.10,  -9.46E-010, 
 81.20,  -1.04E-009, 
 81.30,  -8.11E-010, 
 81.40,  -8.98E-010, 
 81.50,  -1.18E-009, 
 81.60,  -1.08E-009, 
 81.70,  -9.76E-010, 
 81.80,  -9.29E-010, 
 81.90,  -8.83E-010, 
 82.00,  -9.04E-010, 
 82.10,  -9.73E-010, 
 82.20,  -8.49E-010, 
 82.30,  -9.01E-010, 
 82.40,  -8.84E-010, 
 82.50,  -8.43E-010, 
 82.60,  -8.76E-010, 
 82.70,  -1.09E-009, 
 82.80,  -9.57E-010, 
 82.90,  -8.69E-010, 
 83.00,  -9.90E-010, 
 83.10,  -8.42E-010, 
 83.20,  -8.58E-010, 
 83.30,  -9.17E-010, 
 83.40,  -9.23E-010, 
 83.50,  -9.83E-010, 
 83.60,  -1.11E-009, 
 83.70,  -1.03E-009, 
 83.80,  -1.06E-009, 
 83.90,  -1.17E-009, 
 84.00,  -1.16E-009, 
 84.10,  -9.75E-010, 
 84.20,  -9.23E-010, 
 84.30,  -9.49E-010, 
 84.40,  -9.75E-010, 
 84.50,  -1.06E-009, 
 84.60,  -9.70E-010, 
 84.70,  -9.29E-010, 
 84.80,  -8.96E-010, 
 84.90,  -9.16E-010, 
 85.00,  -1.17E-009, 
 85.10,  -9.73E-010, 
 85.20,  -8.65E-010, 
 85.30,  -9.54E-010, 
 85.40,  -1.05E-009, 
 85.50,  -9.71E-010, 
 85.60,  -9.88E-010, 
 85.70,  -1.08E-009, 
 85.80,  -9.14E-010, 
 85.90,  -7.88E-010, 
 86.00,  -7.93E-010, 
 86.10,  -8.72E-010, 
 86.20,  -1.06E-009, 
 86.30,  -1.00E-009, 
 86.40,  -8.28E-010, 
 86.50,  -9.20E-010, 
 86.60,  -1.02E-009, 
 86.70,  -9.67E-010, 
 86.80,  -1.06E-009, 
 86.90,  -1.08E-009, 
 87.00,  -9.61E-010, 
 87.10,  -1.03E-009, 
 87.20,  -1.10E-009, 
 87.30,  -9.41E-010, 
 87.40,  -9.88E-010, 
 87.50,  -1.01E-009, 
 87.60,  -8.10E-010, 
 87.70,  -8.81E-010, 
 87.80,  -1.10E-009, 
 87.90,  -1.03E-009, 
 88.00,  -9.59E-010, 
 88.10,  -9.54E-010, 
 88.20,  -8.34E-010, 
 88.30,  -8.61E-010, 
 88.40,  -9.45E-010, 
 88.50,  -8.80E-010, 
 88.60,  -9.52E-010, 
 88.70,  -9.92E-010, 
 88.80,  -9.11E-010, 
 88.90,  -1.16E-009, 
 89.00,  -1.04E-009, 
 89.10,  -8.65E-010, 
 89.20,  -9.64E-010, 
 89.30,  -1.02E-009, 
 89.40,  -7.94E-010, 
 89.50,  -8.98E-010, 
 89.60,  -1.04E-009, 
 89.70,  -9.33E-010, 
 89.80,  -1.12E-009, 
 89.90,  -1.16E-009, 
 90.00,  -1.08E-009, 
 90.10,  -1.19E-009, 
 90.20,  -1.10E-009, 
 90.30,  -8.34E-010, 
 90.40,  -7.34E-010, 
 90.50,  -9.40E-010, 
 90.60,  -9.31E-010, 
 90.70,  -9.29E-010, 
 90.80,  -9.86E-010, 
 90.90,  -1.04E-009, 
 91.00,  -1.05E-009, 
 91.10,  -1.08E-009, 
 91.20,  -9.94E-010, 
 91.30,  -1.03E-009, 
 91.40,  -1.00E-009, 
 91.50,  -8.23E-010, 
 91.60,  -8.22E-010, 
 91.70,  -1.01E-009, 
 91.80,  -8.12E-010, 
 91.90,  -7.49E-010, 
 92.00,  -8.96E-010, 
 92.10,  -8.61E-010, 
 92.20,  -9.73E-010, 
 92.30,  -9.55E-010, 
 92.40,  -8.06E-010, 
 92.50,  -8.83E-010, 
 92.60,  -1.01E-009, 
 92.70,  -1.02E-009, 
 92.80,  -1.18E-009, 
 92.90,  -1.19E-009, 
 93.00,  -9.16E-010, 
 93.10,  -1.03E-009, 
 93.20,  -1.14E-009, 
 93.30,  -1.01E-009, 
 93.40,  -1.03E-009, 
 93.50,  -1.16E-009, 
 93.60,  -1.19E-009, 
 93.70,  -1.15E-009, 
 93.80,  -1.17E-009, 
 93.90,  -1.01E-009, 
 94.00,  -9.99E-010, 
 94.10,  -7.49E-010, 
 94.20,  -8.19E-010, 
 94.30,  -7.76E-010, 
 94.40,  -8.53E-010, 
 94.50,  -8.04E-010, 
 94.60,  -8.84E-010, 
 94.70,  -9.40E-010, 
 94.80,  -9.41E-010, 
 94.90,  -1.13E-009, 
 95.00,  -1.00E-009, 
 95.10,  -8.25E-010, 
 95.20,  -7.72E-010, 
 95.30,  -8.94E-010, 
 95.40,  -9.04E-010, 
 95.50,  -9.02E-010, 
 95.60,  -7.70E-010, 
 95.70,  -8.39E-010, 
 95.80,  -1.03E-009, 
 95.90,  -1.06E-009, 
 96.00,  -8.55E-010, 
 96.10,  -9.12E-010, 
 96.20,  -9.46E-010, 
 96.30,  -8.36E-010, 
 96.40,  -8.04E-010, 
 96.50,  -9.61E-010, 
 96.60,  -8.87E-010, 
 96.70,  -1.04E-009, 
 96.80,  -9.46E-010, 
 96.90,  -8.39E-010, 
 97.00,  -8.37E-010, 
 97.10,  -8.29E-010, 
 97.20,  -8.55E-010, 
 97.30,  -8.27E-010, 
 97.40,  -1.00E-009, 
 97.50,  -1.01E-009, 
 97.60,  -9.72E-010, 
 97.70,  -1.07E-009, 
 97.80,  -1.02E-009, 
 97.90,  -1.05E-009, 
 98.00,  -1.12E-009, 
 98.10,  -9.69E-010, 
 98.20,  -9.70E-010, 
 98.30,  -8.43E-010, 
 98.40,  -8.22E-010, 
 98.50,  -8.92E-010, 
 98.60,  -8.10E-010, 
 98.70,  -8.05E-010, 
 98.80,  -8.13E-010, 
 98.90,  -8.59E-010, 
 99.00,  -8.29E-010, 
 99.10,  -8.76E-010, 
 99.20,  -1.02E-009, 
 99.30,  -1.01E-009, 
 99.40,  -9.31E-010, 
 99.50,  -1.20E-009, 
 99.60,  -9.96E-010, 
 99.70,  -7.43E-010, 
 99.80,  -1.12E-009, 
 99.90,  -1.05E-009, 
 100.00,  -9.06E-010, 
