1.76010E+0	4.50435E+2
1.18717E+1	4.50596E+2
2.19813E+1	4.50767E+2
3.20928E+1	4.50871E+2
4.22034E+1	4.51049E+2
5.23140E+1	4.51227E+2
6.24266E+1	4.51338E+2
7.25371E+1	4.51523E+2
8.26477E+1	4.51715E+2
9.27593E+1	4.51889E+2
1.02869E+2	4.51962E+2
1.12977E+2	4.52084E+2
1.23085E+2	4.52199E+2
1.33198E+2	4.52314E+2
1.43307E+2	4.52422E+2
1.53419E+2	4.52478E+2
1.63528E+2	4.52589E+2
1.73640E+2	4.52701E+2
1.83752E+2	4.52802E+2
1.93862E+2	4.52850E+2
2.03974E+2	4.52969E+2
2.14083E+2	4.53102E+2
2.24195E+2	4.53245E+2
2.34305E+2	4.53391E+2
2.44416E+2	4.53520E+2
2.54528E+2	4.53660E+2
2.64638E+2	4.53793E+2
2.74749E+2	4.53929E+2
2.84859E+2	4.53974E+2
2.94970E+2	4.54054E+2
3.05081E+2	4.54117E+2
3.15192E+2	4.54204E+2
3.25304E+2	4.54291E+2
3.35414E+2	4.54392E+2
3.45525E+2	4.54469E+2
3.55635E+2	4.54567E+2
3.65746E+2	4.54598E+2
3.75856E+2	4.54681E+2
3.85967E+2	4.54790E+2
3.96078E+2	4.54915E+2
4.06187E+2	4.55037E+2
4.16299E+2	4.55146E+2
4.26409E+2	4.55212E+2
4.36520E+2	4.55282E+2
4.46632E+2	4.55362E+2
4.56742E+2	4.55435E+2
4.66853E+2	4.55495E+2
4.76963E+2	4.55561E+2
4.87074E+2	4.55631E+2
4.97184E+2	4.55641E+2
5.07295E+2	4.55710E+2
5.17406E+2	4.55808E+2
5.27516E+2	4.55945E+2
5.37626E+2	4.55955E+2
5.47736E+2	4.56017E+2
5.57846E+2	4.56158E+2
5.67956E+2	4.56210E+2
5.78067E+2	4.56185E+2
5.88178E+2	4.56234E+2
5.98287E+2	4.56293E+2
6.08398E+2	4.56349E+2
6.18508E+2	4.56433E+2
6.28619E+2	4.56520E+2
6.38730E+2	4.56600E+2
6.48840E+2	4.56646E+2
6.58952E+2	4.56695E+2
6.69061E+2	4.56729E+2
6.79173E+2	4.56768E+2
6.89283E+2	4.56820E+2
6.99393E+2	4.56869E+2
7.09504E+2	4.56921E+2
7.19614E+2	4.56963E+2
7.29725E+2	4.57002E+2
7.39835E+2	4.57051E+2
7.49947E+2	4.57113E+2
7.60057E+2	4.57166E+2
7.70168E+2	4.57222E+2
7.80279E+2	4.57263E+2
7.90389E+2	4.57326E+2
8.00500E+2	4.57379E+2
8.10610E+2	4.57434E+2
8.20721E+2	4.57508E+2
8.30832E+2	4.57567E+2
8.40942E+2	4.57630E+2
8.51053E+2	4.57686E+2
8.61162E+2	4.57735E+2
8.71274E+2	4.57790E+2
8.81385E+2	4.57825E+2
8.91496E+2	4.57864E+2
9.01607E+2	4.57881E+2
9.11717E+2	4.57913E+2
9.21827E+2	4.57874E+2
9.31937E+2	4.57951E+2
9.42047E+2	4.57895E+2
9.52158E+2	4.57909E+2
9.62269E+2	4.57950E+2
9.72380E+2	4.58006E+2
9.82489E+2	4.58055E+2
9.92600E+2	4.58107E+2
1.00271E+3	4.58118E+2
1.01282E+3	4.58135E+2
1.02293E+3	4.58149E+2
1.03304E+3	4.58170E+2
1.04315E+3	4.58195E+2
1.05326E+3	4.58230E+2
1.06337E+3	4.58265E+2
1.07348E+3	4.58275E+2
1.08359E+3	4.58289E+2
1.09370E+3	4.58310E+2
1.10382E+3	4.58352E+2
1.11393E+3	4.58397E+2
1.12404E+3	4.58436E+2
1.13415E+3	4.58453E+2
1.14426E+3	4.58457E+2
1.15437E+3	4.58400E+2
1.16448E+3	4.58470E+2
1.17459E+3	4.58488E+2
1.18470E+3	4.58463E+2
1.19481E+3	4.58575E+2
1.20492E+3	4.58561E+2
1.21503E+3	4.58596E+2
1.22514E+3	4.58606E+2
1.23525E+3	4.58596E+2
1.24536E+3	4.58599E+2
1.25547E+3	4.58610E+2
1.26558E+3	4.58627E+2
1.27569E+3	4.58662E+2
1.28580E+3	4.58728E+2
1.29591E+3	4.58788E+2
1.30602E+3	4.58815E+2
1.31613E+3	4.58826E+2
1.32625E+3	4.58836E+2
1.33636E+3	4.58850E+2
1.34647E+3	4.58815E+2
1.35658E+3	4.58902E+2
1.36669E+3	4.59052E+2
1.37680E+3	4.59244E+2
1.38691E+3	4.59457E+2
1.39702E+3	4.59691E+2
1.40713E+3	4.59960E+2
1.41724E+3	4.60225E+2
1.42735E+3	4.60483E+2
1.43746E+3	4.60773E+2
1.44757E+3	4.61087E+2
1.45768E+3	4.61405E+2
1.46779E+3	4.61729E+2
1.47791E+3	4.62057E+2
1.48802E+3	4.62382E+2
1.49813E+3	4.62605E+2
1.50824E+3	4.62887E+2
1.51835E+3	4.63163E+2
1.52846E+3	4.63435E+2
1.53857E+3	4.63725E+2
1.54868E+3	4.63980E+2
1.55879E+3	4.64262E+2
1.56890E+3	4.64552E+2
1.57901E+3	4.64877E+2
1.58912E+3	4.65225E+2
1.59923E+3	4.65585E+2
1.60934E+3	4.65955E+2
1.61945E+3	4.66325E+2
1.62956E+3	4.66674E+2
1.63967E+3	4.67022E+2
1.64978E+3	4.67382E+2
1.65989E+3	4.67741E+2
1.67000E+3	4.68111E+2
1.68011E+3	4.68491E+2
1.69022E+3	4.68787E+2
1.70033E+3	4.69252E+2
1.71045E+3	4.69600E+2
1.72056E+3	4.70075E+2
1.73067E+3	4.70479E+2
1.74078E+3	4.70860E+2
1.75089E+3	4.71261E+2
1.76100E+3	4.71651E+2
1.77111E+3	4.72049E+2
1.78122E+3	4.72436E+2
1.79133E+3	4.72823E+2
1.80144E+3	4.73245E+2
1.81155E+3	4.73635E+2
1.82166E+3	4.74036E+2
1.83177E+3	4.74451E+2
1.84188E+3	4.74887E+2
1.85199E+3	4.75343E+2
1.86210E+3	4.75810E+2
1.87221E+3	4.76267E+2
1.88232E+3	4.76702E+2
1.89243E+3	4.77155E+2
1.90254E+3	4.77608E+2
1.91265E+3	4.78047E+2
1.92276E+3	4.78489E+2
1.93288E+3	4.78946E+2
1.94299E+3	4.79430E+2
1.95310E+3	4.79924E+2
1.96321E+3	4.80478E+2
1.97332E+3	4.80983E+2
1.98343E+3	4.81453E+2
1.99354E+3	4.81902E+2
2.00365E+3	4.82361E+2
2.01376E+3	4.82810E+2
2.02387E+3	4.83283E+2
2.03398E+3	4.83708E+2
2.04409E+3	4.84150E+2
2.05420E+3	4.84637E+2
2.06431E+3	4.85113E+2
2.07442E+3	4.85614E+2
2.08454E+3	4.86132E+2
2.09465E+3	4.86636E+2
2.10476E+3	4.87147E+2
2.11487E+3	4.87721E+2
2.12498E+3	4.88183E+2
2.13509E+3	4.88743E+2
2.14520E+3	4.89233E+2
2.15531E+3	4.89764E+2
2.16542E+3	4.90330E+2
2.17553E+3	4.90914E+2
2.18564E+3	4.91525E+2
2.19576E+3	4.92070E+2
2.20587E+3	4.92566E+2
2.21598E+3	4.93104E+2
2.22609E+3	4.93652E+2
2.23620E+3	4.94197E+2
2.24631E+3	4.94748E+2
2.25642E+3	4.95304E+2
2.26653E+3	4.95789E+2
2.27664E+3	4.96274E+2
2.28675E+3	4.96791E+2
2.29686E+3	4.97276E+2
2.30697E+3	4.97796E+2
2.31708E+3	4.98364E+2
2.32719E+3	4.98952E+2
2.33730E+3	4.99545E+2
2.34741E+3	5.00150E+2
2.35752E+3	5.00767E+2
2.36763E+3	5.01421E+2
2.37774E+3	5.02126E+2
2.38785E+3	5.02804E+2
2.39797E+3	5.03492E+2
2.40807E+3	5.04195E+2
2.41818E+3	5.04820E+2
2.42829E+3	5.05442E+2
2.43841E+3	5.06078E+2
2.44852E+3	5.06727E+2
2.45863E+3	5.07400E+2
2.46874E+3	5.08122E+2
2.47885E+3	5.08799E+2
2.48896E+3	5.09482E+2
2.49907E+3	5.10158E+2
2.50918E+3	5.10840E+2
2.51929E+3	5.11495E+2
2.52940E+3	5.12195E+2
2.53951E+3	5.12829E+2
2.54962E+3	5.13459E+2
2.55973E+3	5.14145E+2
2.56984E+3	5.14958E+2
2.57995E+3	5.15718E+2
2.59007E+3	5.16465E+2
2.60018E+3	5.17183E+2
2.61029E+3	5.17905E+2
2.62040E+3	5.18713E+2
2.63051E+3	5.19497E+2
2.64062E+3	5.20290E+2
2.65073E+3	5.21152E+2
2.66084E+3	5.21973E+2
2.67095E+3	5.22847E+2
2.68106E+3	5.23681E+2
2.69117E+3	5.24446E+2
2.70128E+3	5.25265E+2
2.71139E+3	5.26087E+2
2.72150E+3	5.26958E+2
2.73162E+3	5.27731E+2
2.74173E+3	5.28512E+2
2.75183E+3	5.29378E+2
2.76194E+3	5.30260E+2
2.77206E+3	5.31166E+2
2.78217E+3	5.32147E+2
2.79228E+3	5.33066E+2
2.80239E+3	5.34015E+2
2.81250E+3	5.35023E+2
2.82261E+3	5.36053E+2
2.83272E+3	5.37127E+2
2.84283E+3	5.38334E+2
2.85294E+3	5.39540E+2
2.86305E+3	5.40892E+2
2.87316E+3	5.42185E+2
2.88327E+3	5.43484E+2
2.89339E+3	5.44923E+2
2.90350E+3	5.46231E+2
2.91361E+3	5.47568E+2
2.92372E+3	5.49052E+2
2.93383E+3	5.50490E+2
2.94394E+3	5.51947E+2
2.95405E+3	5.53486E+2
2.96416E+3	5.54952E+2
2.97427E+3	5.56515E+2
2.98438E+3	5.57993E+2
2.99449E+3	5.58997E+2
3.00460E+3	5.59757E+2
3.01471E+3	5.60467E+2
3.02482E+3	5.61028E+2
3.03493E+3	5.61727E+2
3.04504E+3	5.62456E+2
3.05515E+3	5.63229E+2
3.06526E+3	5.63887E+2
3.07537E+3	5.64542E+2
3.08549E+3	5.65156E+2
3.09560E+3	5.65858E+2
3.10571E+3	5.66471E+2
3.11582E+3	5.67058E+2
3.12593E+3	5.67705E+2
3.13604E+3	5.68342E+2
3.14615E+3	5.69070E+2
3.15626E+3	5.69885E+2
3.16637E+3	5.70606E+2
3.17648E+3	5.71400E+2
3.18659E+3	5.72100E+2
3.19670E+3	5.72790E+2
3.20681E+3	5.73551E+2
3.21692E+3	5.74200E+2
3.22703E+3	5.74889E+2
3.23714E+3	5.75595E+2
3.24725E+3	5.76244E+2
3.25737E+3	5.77021E+2
3.26748E+3	5.77797E+2
3.27759E+3	5.78566E+2
3.28770E+3	5.79416E+2
3.29781E+3	5.80155E+2
3.30792E+3	5.80718E+2
3.31803E+3	5.81222E+2
3.32814E+3	5.81826E+2
3.33825E+3	5.82444E+2
3.34836E+3	5.83132E+2
3.35847E+3	5.83863E+2
3.36858E+3	5.84684E+2
3.37869E+3	5.85539E+2
3.38880E+3	5.86431E+2
3.39891E+3	5.87212E+2
3.40902E+3	5.87855E+2
3.41913E+3	5.88516E+2
3.42924E+3	5.89079E+2
3.43935E+3	5.89655E+2
3.44947E+3	5.90298E+2
3.45958E+3	5.90914E+2
3.46969E+3	5.91533E+2
3.47980E+3	5.92149E+2
3.48991E+3	5.92832E+2
3.50002E+3	5.93448E+2
3.51013E+3	5.94054E+2
3.52024E+3	5.94780E+2
3.53035E+3	5.95442E+2
3.54046E+3	5.96178E+2
3.55057E+3	5.96927E+2
3.56068E+3	5.97592E+2
3.57079E+3	5.98311E+2
3.58090E+3	5.98923E+2
3.59101E+3	5.99565E+2
3.60112E+3	6.00310E+2
3.61123E+3	6.00945E+2
3.62134E+3	6.01519E+2
3.63145E+3	6.02074E+2
3.64157E+3	6.02765E+2
3.65168E+3	6.03597E+2
3.66179E+3	6.04285E+2
3.67190E+3	6.04852E+2
3.68201E+3	6.05473E+2
3.69212E+3	6.06218E+2
3.70223E+3	6.06906E+2
3.71234E+3	6.07596E+2
3.72245E+3	6.08274E+2
3.73257E+3	6.08851E+2
3.74268E+3	6.09455E+2
3.75279E+3	6.10052E+2
3.76290E+3	6.10656E+2
3.77301E+3	6.11243E+2
3.78312E+3	6.11940E+2
3.79323E+3	6.12693E+2
3.80334E+3	6.13461E+2
3.81345E+3	6.14041E+2
3.82356E+3	6.14587E+2
3.83367E+3	6.15160E+2
3.84378E+3	6.15794E+2
3.85389E+3	6.16354E+2
3.86400E+3	6.16930E+2
3.87411E+3	6.17516E+2
3.88422E+3	6.18183E+2
3.89433E+3	6.18986E+2
3.90445E+3	6.19675E+2
3.91456E+3	6.20361E+2
3.92467E+3	6.20960E+2
3.93478E+3	6.21586E+2
3.94489E+3	6.22283E+2
3.95500E+3	6.22948E+2
3.96511E+3	6.23634E+2
3.97522E+3	6.24279E+2
3.98533E+3	6.24832E+2
3.99544E+3	6.25438E+2
4.00555E+3	6.25960E+2
4.01566E+3	6.26559E+2
4.02577E+3	6.27188E+2
4.03588E+3	6.27816E+2
4.04599E+3	6.28436E+2
4.05611E+3	6.29034E+2
4.06622E+3	6.29686E+2
4.07633E+3	6.30407E+2
4.08644E+3	6.31099E+2
4.09655E+3	6.31770E+2
4.10666E+3	6.32536E+2
4.11677E+3	6.33187E+2
4.12688E+3	6.33729E+2
4.13699E+3	6.34210E+2
4.14710E+3	6.34686E+2
4.15721E+3	6.35278E+2
4.16733E+3	6.35819E+2
4.17744E+3	6.36440E+2
4.18755E+3	6.37125E+2
4.19766E+3	6.37835E+2
4.20777E+3	6.38576E+2
4.21788E+3	6.39440E+2
4.22799E+3	6.40197E+2
4.23810E+3	6.40874E+2
4.24821E+3	6.41455E+2
4.25832E+3	6.41956E+2
4.26843E+3	6.42544E+2
4.27854E+3	6.43224E+2
4.28865E+3	6.43865E+2
4.29876E+3	6.44449E+2
4.30887E+3	6.45066E+2
4.31898E+3	6.45554E+2
4.32909E+3	6.46048E+2
4.33920E+3	6.46573E+2
4.34931E+3	6.47163E+2
4.35942E+3	6.47859E+2
4.36953E+3	6.48592E+2
4.37964E+3	6.49296E+2
4.38975E+3	6.49956E+2
4.39986E+3	6.50702E+2
4.40997E+3	6.51398E+2
4.42008E+3	6.52004E+2
4.43019E+3	6.52651E+2
4.44030E+3	6.53304E+2
4.45041E+3	6.53880E+2
4.46052E+3	6.54460E+2
4.47063E+3	6.55010E+2
4.48074E+3	6.55597E+2
4.49085E+3	6.56339E+2
4.50096E+3	6.57061E+2
4.51107E+3	6.57776E+2
4.52118E+3	6.58442E+2
4.53129E+3	6.59038E+2
4.54140E+3	6.59571E+2
4.55151E+3	6.60087E+2
4.56162E+3	6.60739E+2
4.57173E+3	6.61488E+2
4.58184E+3	6.62110E+2
4.59195E+3	6.62878E+2
4.60207E+3	6.63493E+2
4.61217E+3	6.64062E+2
4.62229E+3	6.64694E+2
4.63240E+3	6.65336E+2
4.64251E+3	6.65961E+2
4.65262E+3	6.66483E+2
4.66273E+3	6.66957E+2
4.67284E+3	6.67340E+2
4.68295E+3	6.67836E+2
4.69306E+3	6.68372E+2
4.70317E+3	6.68871E+2
4.71328E+3	6.69433E+2
4.72339E+3	6.70064E+2
4.73350E+3	6.70689E+2
4.74361E+3	6.71370E+2
4.75372E+3	6.71955E+2
4.76383E+3	6.72496E+2
4.77394E+3	6.73091E+2
4.78405E+3	6.73745E+2
4.79416E+3	6.74518E+2
4.80427E+3	6.75320E+2
4.81439E+3	6.75964E+2
4.82450E+3	6.76449E+2
4.83461E+3	6.76892E+2
4.84472E+3	6.77459E+2
4.85482E+3	6.78169E+2
4.86494E+3	6.78888E+2
4.87504E+3	6.79515E+2
4.88515E+3	6.80152E+2
4.89526E+3	6.80875E+2
4.90537E+3	6.81538E+2
4.91549E+3	6.82214E+2
4.92559E+3	6.82860E+2
4.93571E+3	6.83520E+2
4.94582E+3	6.84077E+2
4.95593E+3	6.84651E+2
4.96604E+3	6.85159E+2
4.97615E+3	6.85709E+2
4.98626E+3	6.86318E+2
4.99637E+3	6.87205E+2
5.00648E+3	6.88046E+2
5.01659E+3	6.88803E+2
5.02670E+3	6.89419E+2
5.03681E+3	6.90042E+2
5.04692E+3	6.90599E+2
5.05703E+3	6.91119E+2
5.06714E+3	6.91735E+2
5.07725E+3	6.92377E+2
5.08736E+3	6.92983E+2
5.09747E+3	6.93572E+2
5.10759E+3	6.94207E+2
5.11769E+3	6.94859E+2
5.12781E+3	6.95451E+2
5.13792E+3	6.95974E+2
5.14803E+3	6.96455E+2
5.15814E+3	6.96991E+2
5.16825E+3	6.97610E+2
5.17836E+3	6.98406E+2
5.18847E+3	6.99264E+2
5.19858E+3	7.00017E+2
5.20869E+3	7.00603E+2
5.21880E+3	7.01080E+2
5.22891E+3	7.01533E+2
5.23902E+3	7.02043E+2
5.24913E+3	7.02579E+2
5.25924E+3	7.03158E+2
5.26935E+3	7.03687E+2
5.27946E+3	7.04246E+2
5.28957E+3	7.04900E+2
5.29968E+3	7.05609E+2
5.30979E+3	7.06300E+2
5.31990E+3	7.06950E+2
5.33001E+3	7.07463E+2
5.34013E+3	7.08011E+2
5.35024E+3	7.08550E+2
5.36035E+3	7.09082E+2
5.37046E+3	7.09631E+2
5.38057E+3	7.10275E+2
5.39068E+3	7.11148E+2
5.40079E+3	7.11930E+2
5.41090E+3	7.12554E+2
5.42101E+3	7.13102E+2
5.43112E+3	7.13762E+2
5.44123E+3	7.14429E+2
5.45134E+3	7.15058E+2
5.46145E+3	7.15755E+2
5.47156E+3	7.16257E+2
5.48167E+3	7.16824E+2
5.49178E+3	7.17405E+2
5.50189E+3	7.17986E+2
5.51201E+3	7.18630E+2
5.52212E+3	7.19270E+2
5.53223E+3	7.19923E+2
5.54234E+3	7.20687E+2
5.55245E+3	7.21344E+2
5.56256E+3	7.21862E+2
5.57267E+3	7.22328E+2
5.58278E+3	7.22719E+2
5.59289E+3	7.23188E+2
5.60300E+3	7.23663E+2
5.61311E+3	7.24188E+2
5.62322E+3	7.24730E+2
5.63333E+3	7.25327E+2
5.64344E+3	7.26068E+2
5.65355E+3	7.26754E+2
5.66366E+3	7.27417E+2
5.67377E+3	7.27997E+2
5.68388E+3	7.28617E+2
5.69399E+3	7.29273E+2
5.70410E+3	7.29910E+2
5.71421E+3	7.30628E+2
5.72432E+3	7.31251E+2
5.73443E+3	7.31822E+2
5.74454E+3	7.32340E+2
5.75466E+3	7.32832E+2
5.76476E+3	7.33301E+2
5.77488E+3	7.33754E+2
5.78499E+3	7.34150E+2
5.79510E+3	7.34698E+2
5.80521E+3	7.35344E+2
5.81532E+3	7.36049E+2
5.82543E+3	7.36827E+2
5.83554E+3	7.37538E+2
5.84565E+3	7.38144E+2
5.85576E+3	7.38827E+2
5.86587E+3	7.39482E+2
5.87598E+3	7.40027E+2
5.88609E+3	7.40479E+2
5.89620E+3	7.41043E+2
5.90630E+3	7.41640E+2
5.91642E+3	7.42227E+2
5.92653E+3	7.42768E+2
5.93664E+3	7.43296E+2
5.94675E+3	7.43978E+2
5.95686E+3	7.44677E+2
5.96697E+3	7.45457E+2
5.97708E+3	7.46198E+2
5.98719E+3	7.46730E+2
5.99730E+3	7.47126E+2
6.00741E+3	7.47732E+2
6.01752E+3	7.48421E+2
6.02763E+3	7.48981E+2
6.03774E+3	7.49496E+2
6.04785E+3	7.50054E+2
6.05796E+3	7.50574E+2
6.06807E+3	7.51240E+2
6.07818E+3	7.51905E+2
6.08829E+3	7.52505E+2
6.09840E+3	7.53102E+2
6.10851E+3	7.53508E+2
6.11862E+3	7.54065E+2
6.12873E+3	7.54851E+2
6.13884E+3	7.55657E+2
6.14895E+3	7.56362E+2
6.15907E+3	7.56935E+2
6.16918E+3	7.57329E+2
6.17929E+3	7.57738E+2
6.18940E+3	7.58327E+2
6.19951E+3	7.58927E+2
6.20962E+3	7.59592E+2
6.21973E+3	7.60270E+2
6.22984E+3	7.61039E+2
6.23995E+3	7.61654E+2
6.25006E+3	7.62230E+2
6.26017E+3	7.62777E+2
6.27028E+3	7.63373E+2
6.28039E+3	7.63732E+2
6.29050E+3	7.64289E+2
6.30061E+3	7.64976E+2
6.31072E+3	7.65911E+2
6.32083E+3	7.66722E+2
6.33094E+3	7.67222E+2
6.34105E+3	7.67604E+2
6.35116E+3	7.68294E+2
6.36127E+3	7.68918E+2
6.37138E+3	7.69499E+2
6.38150E+3	7.69989E+2
6.39161E+3	7.70527E+2
6.40172E+3	7.71076E+2
6.41183E+3	7.71503E+2
6.42194E+3	7.71940E+2
6.43204E+3	7.72547E+2
6.44216E+3	7.73107E+2
6.45227E+3	7.73714E+2
6.46238E+3	7.74502E+2
6.47249E+3	7.75220E+2
6.48260E+3	7.75962E+2
6.49271E+3	7.76638E+2
6.50282E+3	7.77284E+2
6.51293E+3	7.77885E+2
6.52304E+3	7.78393E+2
6.53315E+3	7.78865E+2
6.54326E+3	7.79361E+2
6.55337E+3	7.79987E+2
6.56348E+3	7.80620E+2
6.57359E+3	7.81312E+2
6.58370E+3	7.81949E+2
6.59381E+3	7.82536E+2
6.60392E+3	7.82981E+2
6.61403E+3	7.83424E+2
6.62414E+3	7.83984E+2
6.63425E+3	7.84692E+2
6.64436E+3	7.85391E+2
6.65447E+3	7.86118E+2
6.66458E+3	7.86809E+2
6.67469E+3	7.87222E+2
6.68480E+3	7.87557E+2
6.69491E+3	7.88065E+2
6.70502E+3	7.88756E+2
6.71514E+3	7.89484E+2
6.72525E+3	7.90149E+2
6.73536E+3	7.90591E+2
6.74547E+3	7.91020E+2
6.75558E+3	7.91462E+2
6.76569E+3	7.92144E+2
6.77580E+3	7.92881E+2
6.78591E+3	7.93680E+2
6.79602E+3	7.94355E+2
6.80613E+3	7.94895E+2
6.81624E+3	7.95449E+2
6.82635E+3	7.96071E+2
6.83646E+3	7.96467E+2
6.84657E+3	7.96841E+2
6.85668E+3	7.97302E+2
6.86679E+3	7.97770E+2
6.87690E+3	7.98363E+2
6.88701E+3	7.98900E+2
6.89712E+3	7.99365E+2
6.90723E+3	7.99990E+2
6.91734E+3	8.00717E+2
6.92745E+3	8.01375E+2
6.93756E+3	8.02017E+2
6.94767E+3	8.02582E+2
6.95778E+3	8.03247E+2
6.96789E+3	8.03889E+2
6.97801E+3	8.04366E+2
6.98812E+3	8.04897E+2
6.99823E+3	8.05597E+2
7.00834E+3	8.06350E+2
7.01845E+3	8.06939E+2
7.02856E+3	8.07348E+2
7.03867E+3	8.07793E+2
7.04878E+3	8.08431E+2
7.05889E+3	8.09079E+2
7.06900E+3	8.09743E+2
7.07911E+3	8.10454E+2
7.08922E+3	8.11148E+2
7.09933E+3	8.11832E+2
7.10944E+3	8.12090E+2
7.11955E+3	8.12565E+2
7.12966E+3	8.13252E+2
7.13977E+3	8.13794E+2
7.14988E+3	8.14492E+2
7.15999E+3	8.15088E+2
7.17010E+3	8.15572E+2
7.18021E+3	8.16105E+2
7.19032E+3	8.16776E+2
7.20043E+3	8.17352E+2
7.21054E+3	8.17718E+2
7.22065E+3	8.18297E+2
7.23076E+3	8.18880E+2
7.24087E+3	8.19245E+2
7.25098E+3	8.19740E+2
7.26109E+3	8.20159E+2
7.27120E+3	8.20754E+2
7.28131E+3	8.21438E+2
7.29142E+3	8.22001E+2
7.30153E+3	8.22498E+2
7.31164E+3	8.23058E+2
7.32175E+3	8.23647E+2
7.33186E+3	8.24301E+2
7.34197E+3	8.24958E+2
7.35208E+3	8.25675E+2
7.36219E+3	8.26274E+2
7.37230E+3	8.26777E+2
7.38241E+3	8.27360E+2
7.39252E+3	8.28057E+2
7.40263E+3	8.28763E+2
7.41274E+3	8.29293E+2
7.42285E+3	8.29614E+2
7.43296E+3	8.29971E+2
7.44307E+3	8.30488E+2
7.45318E+3	8.31129E+2
7.46329E+3	8.31724E+2
7.47341E+3	8.32352E+2
7.48352E+3	8.33147E+2
7.49362E+3	8.33619E+2
7.50373E+3	8.34064E+2
7.51384E+3	8.34727E+2
7.52395E+3	8.35470E+2
7.53406E+3	8.36173E+2
7.54418E+3	8.36802E+2
7.55429E+3	8.37322E+2
7.56440E+3	8.37829E+2
7.57451E+3	8.38202E+2
7.58461E+3	8.38588E+2
7.59473E+3	8.39063E+2
7.60483E+3	8.39704E+2
7.61495E+3	8.40525E+2
7.62506E+3	8.41370E+2
7.63517E+3	8.42113E+2
7.64528E+3	8.42765E+2
7.65539E+3	8.43107E+2
7.66550E+3	8.43589E+2
7.67561E+3	8.44267E+2
7.68572E+3	8.44849E+2
7.69583E+3	8.45402E+2
7.70594E+3	8.45932E+2
7.71605E+3	8.46524E+2
7.72615E+3	8.47035E+2
7.73627E+3	8.47477E+2
7.74638E+3	8.47870E+2
7.75649E+3	8.48410E+2
7.76660E+3	8.49032E+2
7.77671E+3	8.49660E+2
7.78682E+3	8.50266E+2
7.79693E+3	8.50882E+2
7.80704E+3	8.51546E+2
7.81715E+3	8.52168E+2
7.82726E+3	8.52623E+2
7.83737E+3	8.53255E+2
7.84748E+3	8.53733E+2
7.85759E+3	8.54496E+2
7.86770E+3	8.55157E+2
7.87781E+3	8.55511E+2
7.88792E+3	8.55943E+2
7.89803E+3	8.56359E+2
7.90814E+3	8.56850E+2
7.91825E+3	8.57538E+2
7.92836E+3	8.58193E+2
7.93847E+3	8.58776E+2
7.94858E+3	8.59356E+2
7.95869E+3	8.60090E+2
7.96880E+3	8.60640E+2
7.97891E+3	8.61135E+2
7.98902E+3	8.61708E+2
7.99913E+3	8.62360E+2
8.00924E+3	8.62779E+2
8.01935E+3	8.63218E+2
8.02946E+3	8.63910E+2
8.03957E+3	8.64660E+2
8.04969E+3	8.65509E+2
8.05979E+3	8.66115E+2
8.06991E+3	8.66584E+2
8.08002E+3	8.67095E+2
8.09013E+3	8.67606E+2
8.10024E+3	8.68058E+2
8.11035E+3	8.68586E+2
8.12046E+3	8.69199E+2
8.13057E+3	8.69697E+2
8.14068E+3	8.70268E+2
8.15079E+3	8.70874E+2
8.16090E+3	8.71336E+2
8.17101E+3	8.71871E+2
8.18112E+3	8.72395E+2
8.19123E+3	8.73012E+2
8.20134E+3	8.73474E+2
8.21145E+3	8.73821E+2
8.22156E+3	8.74491E+2
8.23167E+3	8.75117E+2
8.24178E+3	8.75717E+2
8.25189E+3	8.76465E+2
8.26200E+3	8.77108E+2
8.27211E+3	8.77712E+2
8.28222E+3	8.78391E+2
8.29233E+3	8.78926E+2
8.30244E+3	8.79460E+2
8.31255E+3	8.79969E+2
8.32266E+3	8.80327E+2
8.33277E+3	8.80773E+2
8.34288E+3	8.81275E+2
8.35299E+3	8.81807E+2
8.36310E+3	8.82398E+2
8.37321E+3	8.82988E+2
8.38332E+3	8.83503E+2
8.39343E+3	8.84029E+2
8.40354E+3	8.84643E+2
8.41365E+3	8.85434E+2
8.42376E+3	8.86160E+2
8.43387E+3	8.86596E+2
8.44398E+3	8.87135E+2
8.45409E+3	8.87591E+2
8.46420E+3	8.88005E+2
8.47431E+3	8.88494E+2
8.48442E+3	8.89010E+2
8.49453E+3	8.89710E+2
8.50464E+3	8.90347E+2
8.51475E+3	8.90896E+2
8.52486E+3	8.91164E+2
8.53498E+3	8.91670E+2
8.54508E+3	8.92029E+2
8.55520E+3	8.92456E+2
8.56530E+3	8.93070E+2
8.57542E+3	8.93662E+2
8.58553E+3	8.94319E+2
8.59564E+3	8.95161E+2
8.60575E+3	8.95848E+2
8.61586E+3	8.96387E+2
8.62597E+3	8.96887E+2
8.63608E+3	8.97574E+2
8.64619E+3	8.98172E+2
8.65630E+3	8.98721E+2
8.66641E+3	8.99119E+2
8.67652E+3	8.99777E+2
8.68663E+3	9.00284E+2
8.69674E+3	9.00780E+2
8.70685E+3	9.01379E+2
8.71696E+3	9.01945E+2
8.72707E+3	9.02471E+2
8.73718E+3	9.02925E+2
8.74729E+3	9.03301E+2
8.75740E+3	9.03903E+2
8.76751E+3	9.04505E+2
8.77762E+3	9.05183E+2
8.78773E+3	9.05897E+2
8.79784E+3	9.06503E+2
8.80795E+3	9.07191E+2
8.81806E+3	9.07945E+2
8.82816E+3	9.08548E+2
8.83827E+3	9.09180E+2
8.84839E+3	9.09618E+2
8.85849E+3	9.09967E+2
8.86861E+3	9.10346E+2
8.87872E+3	9.10801E+2
8.88883E+3	9.11357E+2
8.89894E+3	9.12029E+2
8.90905E+3	9.12702E+2
8.91916E+3	9.13512E+2
8.92927E+3	9.14069E+2
8.93938E+3	9.14563E+2
8.94949E+3	9.14989E+2
8.95960E+3	9.15256E+2
8.96971E+3	9.15697E+2
8.97982E+3	9.16482E+2
8.98993E+3	9.17197E+2
9.00004E+3	9.17893E+2
9.01015E+3	9.18539E+2
9.02026E+3	9.19169E+2
9.03037E+3	9.19753E+2
9.04048E+3	9.20258E+2
9.05059E+3	9.20502E+2
9.06070E+3	9.20911E+2
9.07081E+3	9.21581E+2
9.08092E+3	9.21957E+2
9.09103E+3	9.22221E+2
9.10114E+3	9.22759E+2
9.11125E+3	9.23442E+2
9.12136E+3	9.24082E+2
9.13147E+3	9.24680E+2
9.14158E+3	9.25274E+2
9.15169E+3	9.25947E+2
9.16180E+3	9.26588E+2
9.17191E+3	9.27011E+2
9.18202E+3	9.27232E+2
9.19213E+3	9.27655E+2
9.20224E+3	9.28263E+2
9.21235E+3	9.29042E+2
9.22246E+3	9.29809E+2
9.23257E+3	9.30347E+2
9.24268E+3	9.30751E+2
9.25280E+3	9.31193E+2
9.26290E+3	9.31616E+2
9.27302E+3	9.32304E+2
9.28313E+3	9.33097E+2
9.29324E+3	9.33570E+2
9.30335E+3	9.34006E+2
9.31346E+3	9.34555E+2
9.32357E+3	9.35190E+2
9.33367E+3	9.35798E+2
9.34379E+3	9.36618E+2
9.35390E+3	9.37220E+2
9.36401E+3	9.37746E+2
9.37412E+3	9.38107E+2
9.38423E+3	9.38521E+2
9.39434E+3	9.39073E+2
9.40445E+3	9.39516E+2
9.41456E+3	9.39967E+2
9.42467E+3	9.40503E+2
9.43478E+3	9.41055E+2
9.44489E+3	9.41664E+2
9.45499E+3	9.42082E+2
9.46510E+3	9.42714E+2
9.47521E+3	9.43648E+2
9.48532E+3	9.44360E+2
9.49543E+3	9.44780E+2
9.50554E+3	9.45095E+2
9.51566E+3	9.45387E+2
9.52576E+3	9.45973E+2
9.53587E+3	9.46662E+2
9.54598E+3	9.47296E+2
9.55609E+3	9.47573E+2
9.56620E+3	9.47938E+2
9.57631E+3	9.48528E+2
9.58642E+3	9.49240E+2
9.59653E+3	9.49787E+2
9.60664E+3	9.50298E+2
9.61675E+3	9.50938E+2
9.62686E+3	9.51641E+2
9.63697E+3	9.52102E+2
9.64708E+3	9.52642E+2
9.65719E+3	9.53289E+2
9.66730E+3	9.53933E+2
9.67741E+3	9.54531E+2
9.68753E+3	9.55131E+2
9.69763E+3	9.55890E+2
9.70775E+3	9.56462E+2
9.71785E+3	9.57026E+2
9.72797E+3	9.57444E+2
9.73807E+3	9.58019E+2
9.74819E+3	9.58710E+2
9.75830E+3	9.59224E+2
9.76840E+3	9.59759E+2
9.77852E+3	9.60300E+2
9.78862E+3	9.60921E+2
9.79873E+3	9.61317E+2
9.80884E+3	9.61885E+2
9.81895E+3	9.62417E+2
9.82906E+3	9.62971E+2
9.83917E+3	9.63729E+2
9.84929E+3	9.64095E+2
9.85939E+3	9.64470E+2
9.86950E+3	9.65149E+2
9.87962E+3	9.65654E+2
9.88973E+3	9.66070E+2
9.89983E+3	9.66608E+2
9.90994E+3	9.67200E+2
9.92006E+3	9.67862E+2
9.93016E+3	9.68172E+2
9.94028E+3	9.68650E+2
9.95039E+3	9.69385E+2
9.96050E+3	9.69901E+2
9.97061E+3	9.70403E+2
9.98071E+3	9.71036E+2
9.99083E+3	9.71522E+2
1.00009E+4	9.72061E+2
1.00110E+4	9.72604E+2
1.00212E+4	9.73246E+2
1.00313E+4	9.73779E+2
1.00414E+4	9.74309E+2
1.00515E+4	9.74722E+2
1.00616E+4	9.75258E+2
1.00717E+4	9.75784E+2
1.00818E+4	9.76267E+2
1.00919E+4	9.76817E+2
1.01020E+4	9.77580E+2
1.01121E+4	9.78230E+2
1.01223E+4	9.78613E+2
1.01324E+4	9.79223E+2
1.01425E+4	9.79630E+2
1.01526E+4	9.79993E+2
1.01627E+4	9.80637E+2
1.01728E+4	9.81127E+2
1.01829E+4	9.81684E+2
1.01930E+4	9.82391E+2
1.02031E+4	9.82965E+2
1.02132E+4	9.83612E+2
1.02233E+4	9.84276E+2
1.02335E+4	9.84930E+2
1.02436E+4	9.85281E+2
1.02537E+4	9.85918E+2
1.02638E+4	9.86215E+2
1.02739E+4	9.86639E+2
1.02840E+4	9.87130E+2
1.02941E+4	9.87745E+2
1.03042E+4	9.88429E+2
1.03143E+4	9.89291E+2
1.03244E+4	9.89879E+2
1.03346E+4	9.90400E+2
1.03447E+4	9.90962E+2
1.03548E+4	9.91269E+2
1.03649E+4	9.91573E+2
1.03750E+4	9.91991E+2
1.03851E+4	9.92489E+2
1.03952E+4	9.93101E+2
1.04053E+4	9.93492E+2
1.04154E+4	9.94087E+2
1.04256E+4	9.94886E+2
1.04357E+4	9.95535E+2
1.04458E+4	9.95967E+2
1.04559E+4	9.96445E+2
1.04660E+4	9.96913E+2
1.04761E+4	9.97542E+2
1.04862E+4	9.98014E+2
1.04963E+4	9.98681E+2
1.05064E+4	9.99243E+2
1.05165E+4	1.00000E+3
1.05267E+4	1.00098E+3
1.05368E+4	1.00128E+3
1.05469E+4	1.00156E+3
1.05570E+4	1.00217E+3
1.05671E+4	1.00254E+3
1.05772E+4	1.00318E+3
1.05873E+4	1.00377E+3
1.05974E+4	1.00427E+3
1.06075E+4	1.00468E+3
1.06176E+4	1.00504E+3
1.06278E+4	1.00584E+3
1.06379E+4	1.00666E+3
1.06480E+4	1.00694E+3
1.06581E+4	1.00746E+3
1.06682E+4	1.00825E+3
1.06783E+4	1.00896E+3
1.06884E+4	1.00934E+3
1.06985E+4	1.00979E+3
1.07086E+4	1.01047E+3
1.07187E+4	1.01088E+3
1.07289E+4	1.01118E+3
1.07390E+4	1.01163E+3
1.07491E+4	1.01212E+3
1.07592E+4	1.01266E+3
1.07693E+4	1.01356E+3
1.07794E+4	1.01417E+3
1.07895E+4	1.01462E+3
1.07996E+4	1.01520E+3
1.08097E+4	1.01574E+3
1.08198E+4	1.01625E+3
1.08300E+4	1.01669E+3
1.08401E+4	1.01711E+3
1.08502E+4	1.01766E+3
1.08603E+4	1.01822E+3
1.08704E+4	1.01844E+3
1.08805E+4	1.01879E+3
1.08906E+4	1.01929E+3
1.09007E+4	1.01975E+3
1.09108E+4	1.02039E+3
1.09210E+4	1.02130E+3
1.09311E+4	1.02186E+3
1.09412E+4	1.02218E+3
1.09513E+4	1.02279E+3
1.09614E+4	1.02337E+3
1.09715E+4	1.02412E+3
1.09816E+4	1.02466E+3
1.09917E+4	1.02495E+3
1.10018E+4	1.02539E+3
1.10119E+4	1.02611E+3
1.10221E+4	1.02661E+3
1.10322E+4	1.02696E+3
1.10423E+4	1.02746E+3
1.10524E+4	1.02798E+3
1.10625E+4	1.02858E+3
1.10726E+4	1.02933E+3
1.10827E+4	1.02985E+3
1.10928E+4	1.03040E+3
1.11029E+4	1.03104E+3
1.11130E+4	1.03175E+3
1.11232E+4	1.03271E+3
1.11333E+4	1.03354E+3
1.11434E+4	1.03401E+3
1.11535E+4	1.03411E+3
1.11636E+4	1.03419E+3
1.11737E+4	1.03468E+3
1.11838E+4	1.03527E+3
1.11939E+4	1.03582E+3
1.12040E+4	1.03641E+3
1.12141E+4	1.03682E+3
1.12243E+4	1.03746E+3
1.12344E+4	1.03786E+3
1.12445E+4	1.03828E+3
1.12546E+4	1.03907E+3
1.12647E+4	1.03982E+3
1.12748E+4	1.04032E+3
1.12849E+4	1.04083E+3
1.12950E+4	1.04126E+3
1.13051E+4	1.04185E+3
1.13152E+4	1.04249E+3
1.13254E+4	1.04311E+3
1.13355E+4	1.04374E+3
1.13456E+4	1.04384E+3
1.13557E+4	1.04436E+3
1.13658E+4	1.04500E+3
1.13759E+4	1.04538E+3
1.13860E+4	1.04599E+3
1.13961E+4	1.04642E+3
1.14062E+4	1.04690E+3
1.14164E+4	1.04739E+3
1.14265E+4	1.04796E+3
1.14366E+4	1.04869E+3
1.14467E+4	1.04930E+3
1.14568E+4	1.04951E+3
1.14669E+4	1.05003E+3
1.14770E+4	1.05103E+3
1.14871E+4	1.05161E+3
1.14972E+4	1.05186E+3
1.15073E+4	1.05231E+3
1.15175E+4	1.05292E+3
1.15276E+4	1.05341E+3
1.15377E+4	1.05389E+3
1.15478E+4	1.05455E+3
1.15579E+4	1.05503E+3
1.15680E+4	1.05549E+3
1.15781E+4	1.05607E+3
1.15882E+4	1.05661E+3
1.15983E+4	1.05724E+3
1.16084E+4	1.05757E+3
1.16186E+4	1.05823E+3
1.16287E+4	1.05919E+3
1.16388E+4	1.05969E+3
1.16489E+4	1.06003E+3
1.16590E+4	1.06031E+3
1.16691E+4	1.06091E+3
1.16792E+4	1.06163E+3
1.16893E+4	1.06235E+3
1.16994E+4	1.06304E+3
1.17095E+4	1.06358E+3
1.17197E+4	1.06388E+3
1.17298E+4	1.06436E+3
1.17399E+4	1.06471E+3
1.17500E+4	1.06537E+3
1.17601E+4	1.06594E+3
1.17702E+4	1.06635E+3
1.17803E+4	1.06706E+3
1.17904E+4	1.06784E+3
1.18005E+4	1.06823E+3
1.18106E+4	1.06872E+3
1.18208E+4	1.06918E+3
1.18309E+4	1.06969E+3
1.18410E+4	1.07019E+3
1.18511E+4	1.07057E+3
1.18612E+4	1.07137E+3
1.18713E+4	1.07210E+3
1.18814E+4	1.07249E+3
1.18915E+4	1.07295E+3
1.19016E+4	1.07341E+3
1.19118E+4	1.07406E+3
1.19219E+4	1.07485E+3
1.19320E+4	1.07550E+3
1.19421E+4	1.07572E+3
1.19522E+4	1.07625E+3
1.19623E+4	1.07711E+3
1.19724E+4	1.07753E+3
1.19825E+4	1.07787E+3
1.19926E+4	1.07799E+3
1.20027E+4	1.07812E+3
1.20129E+4	1.07874E+3
1.20230E+4	1.07930E+3
1.20331E+4	1.07993E+3
1.20432E+4	1.08056E+3
1.20533E+4	1.08120E+3
1.20634E+4	1.08161E+3
1.20735E+4	1.08209E+3
1.20836E+4	1.08272E+3
1.20937E+4	1.08350E+3
1.21038E+4	1.08393E+3
1.21140E+4	1.08447E+3
1.21241E+4	1.08497E+3
1.21342E+4	1.08558E+3
1.21443E+4	1.08607E+3
1.21544E+4	1.08665E+3
1.21645E+4	1.08705E+3
1.21746E+4	1.08766E+3
1.21847E+4	1.08838E+3
1.21948E+4	1.08883E+3
1.22049E+4	1.08953E+3
1.22151E+4	1.08982E+3
1.22252E+4	1.09031E+3
1.22353E+4	1.09075E+3
1.22454E+4	1.09129E+3
1.22555E+4	1.09192E+3
1.22656E+4	1.09248E+3
1.22757E+4	1.09304E+3
1.22858E+4	1.09380E+3
1.22959E+4	1.09430E+3
1.23060E+4	1.09478E+3
1.23162E+4	1.09533E+3
1.23263E+4	1.09566E+3
1.23364E+4	1.09625E+3
1.23465E+4	1.09639E+3
1.23566E+4	1.09707E+3
1.23667E+4	1.09764E+3
1.23768E+4	1.09827E+3
1.23869E+4	1.09905E+3
1.23970E+4	1.09936E+3
1.24071E+4	1.09950E+3
1.24173E+4	1.10022E+3
1.24274E+4	1.10070E+3
1.24375E+4	1.10137E+3
1.24476E+4	1.10183E+3
1.24577E+4	1.10234E+3
1.24678E+4	1.10282E+3
1.24779E+4	1.10374E+3
1.24880E+4	1.10456E+3
1.24981E+4	1.10494E+3
1.25082E+4	1.10526E+3
1.25183E+4	1.10571E+3
1.25284E+4	1.10616E+3
1.25386E+4	1.10676E+3
1.25487E+4	1.10759E+3
1.25588E+4	1.10807E+3
1.25689E+4	1.10834E+3
1.25790E+4	1.10868E+3
1.25891E+4	1.10958E+3
1.25992E+4	1.11022E+3
1.26093E+4	1.11052E+3
1.26194E+4	1.11109E+3
1.26295E+4	1.11163E+3
1.26396E+4	1.11184E+3
1.26498E+4	1.11214E+3
1.26599E+4	1.11271E+3
1.26700E+4	1.11335E+3
1.26801E+4	1.11408E+3
1.26902E+4	1.11465E+3
1.27003E+4	1.11523E+3
1.27104E+4	1.11574E+3
1.27205E+4	1.11635E+3
1.27306E+4	1.11665E+3
1.27407E+4	1.11708E+3
1.27509E+4	1.11766E+3
1.27610E+4	1.11836E+3
1.27711E+4	1.11890E+3
1.27812E+4	1.11923E+3
1.27913E+4	1.11989E+3
1.28014E+4	1.12047E+3
1.28115E+4	1.12108E+3
1.28216E+4	1.12162E+3
1.28317E+4	1.12215E+3
1.28418E+4	1.12276E+3
1.28519E+4	1.12315E+3
1.28621E+4	1.12351E+3
1.28722E+4	1.12413E+3
1.28823E+4	1.12484E+3
1.28924E+4	1.12550E+3
1.29025E+4	1.12603E+3
1.29126E+4	1.12631E+3
1.29227E+4	1.12703E+3
1.29328E+4	1.12754E+3
1.29429E+4	1.12782E+3
1.29530E+4	1.12833E+3
1.29631E+4	1.12897E+3
1.29732E+4	1.12961E+3
1.29834E+4	1.13000E+3
1.29935E+4	1.13032E+3
1.30036E+4	1.13072E+3
1.30137E+4	1.13139E+3
1.30238E+4	1.13200E+3
1.30339E+4	1.13250E+3
1.30440E+4	1.13298E+3
1.30541E+4	1.13357E+3
1.30642E+4	1.13414E+3
1.30743E+4	1.13457E+3
1.30844E+4	1.13526E+3
1.30946E+4	1.13561E+3
1.31047E+4	1.13593E+3
1.31148E+4	1.13653E+3
1.31249E+4	1.13707E+3
1.31350E+4	1.13769E+3
1.31451E+4	1.13813E+3
1.31552E+4	1.13852E+3
1.31653E+4	1.13918E+3
1.31754E+4	1.13965E+3
1.31855E+4	1.14045E+3
1.31956E+4	1.14097E+3
1.32058E+4	1.14124E+3
1.32159E+4	1.14170E+3
1.32260E+4	1.14225E+3
1.32361E+4	1.14315E+3
1.32462E+4	1.14359E+3
1.32563E+4	1.14399E+3
1.32664E+4	1.14474E+3
1.32765E+4	1.14516E+3
1.32866E+4	1.14548E+3
1.32967E+4	1.14604E+3
1.33068E+4	1.14637E+3
1.33170E+4	1.14703E+3
1.33271E+4	1.14782E+3
1.33372E+4	1.14830E+3
1.33473E+4	1.14889E+3
1.33574E+4	1.14972E+3
1.33675E+4	1.15014E+3
1.33776E+4	1.15065E+3
1.33877E+4	1.15125E+3
1.33978E+4	1.15169E+3
1.34079E+4	1.15193E+3
1.34181E+4	1.15242E+3
1.34282E+4	1.15282E+3
1.34383E+4	1.15343E+3
1.34484E+4	1.15401E+3
1.34585E+4	1.15451E+3
1.34686E+4	1.15519E+3
1.34787E+4	1.15581E+3
1.34888E+4	1.15633E+3
1.34989E+4	1.15698E+3
1.35090E+4	1.15747E+3
1.35192E+4	1.15779E+3
1.35293E+4	1.15815E+3
1.35394E+4	1.15893E+3
1.35495E+4	1.15971E+3
1.35596E+4	1.15996E+3
1.35697E+4	1.16053E+3
1.35798E+4	1.16094E+3
1.35899E+4	1.16141E+3
1.36000E+4	1.16189E+3
1.36101E+4	1.16218E+3
1.36203E+4	1.16283E+3
1.36304E+4	1.16376E+3
1.36405E+4	1.16432E+3
1.36506E+4	1.16463E+3
1.36607E+4	1.16495E+3
1.36708E+4	1.16523E+3
1.36809E+4	1.16577E+3
1.36910E+4	1.16623E+3
1.37011E+4	1.16689E+3
1.37112E+4	1.16770E+3
1.37214E+4	1.16822E+3
1.37315E+4	1.16840E+3
1.37416E+4	1.16886E+3
1.37517E+4	1.16941E+3
1.37618E+4	1.16984E+3
1.37719E+4	1.17051E+3
1.37820E+4	1.17121E+3
1.37921E+4	1.17177E+3
1.38022E+4	1.17237E+3
1.38123E+4	1.17285E+3
1.38225E+4	1.17323E+3
1.38326E+4	1.17376E+3
1.38427E+4	1.17433E+3
1.38528E+4	1.17501E+3
1.38629E+4	1.17545E+3
1.38730E+4	1.17609E+3
1.38831E+4	1.17660E+3
1.38932E+4	1.17703E+3
1.39033E+4	1.17734E+3
1.39134E+4	1.17801E+3
1.39236E+4	1.17845E+3
1.39337E+4	1.17904E+3
1.39438E+4	1.17963E+3
1.39539E+4	1.18001E+3
1.39640E+4	1.18062E+3
1.39741E+4	1.18111E+3
1.39842E+4	1.18147E+3
1.39943E+4	1.18191E+3
1.40044E+4	1.18270E+3
1.40145E+4	1.18334E+3
1.40247E+4	1.18400E+3
1.40348E+4	1.18425E+3
1.40449E+4	1.18445E+3
1.40550E+4	1.18508E+3
1.40651E+4	1.18569E+3
1.40752E+4	1.18623E+3
1.40853E+4	1.18660E+3
1.40954E+4	1.18700E+3
1.41055E+4	1.18797E+3
1.41156E+4	1.18837E+3
1.41258E+4	1.18905E+3
1.41359E+4	1.18975E+3
1.41460E+4	1.19022E+3
1.41561E+4	1.19049E+3
1.41662E+4	1.19098E+3
1.41763E+4	1.19151E+3
1.41864E+4	1.19200E+3
1.41965E+4	1.19287E+3
1.42066E+4	1.19328E+3
1.42167E+4	1.19375E+3
1.42268E+4	1.19421E+3
1.42370E+4	1.19488E+3
1.42471E+4	1.19533E+3
1.42572E+4	1.19566E+3
1.42673E+4	1.19571E+3
1.42774E+4	1.19625E+3
1.42875E+4	1.19700E+3
1.42976E+4	1.19782E+3
1.43077E+4	1.19851E+3
1.43178E+4	1.19902E+3
1.43280E+4	1.19932E+3
1.43381E+4	1.19972E+3
1.43482E+4	1.20038E+3
1.43583E+4	1.20095E+3
1.43684E+4	1.20133E+3
1.43785E+4	1.20181E+3
1.43886E+4	1.20245E+3
1.43987E+4	1.20286E+3
1.44088E+4	1.20355E+3
1.44189E+4	1.20417E+3
1.44291E+4	1.20455E+3
1.44392E+4	1.20510E+3
1.44493E+4	1.20546E+3
1.44594E+4	1.20614E+3
1.44695E+4	1.20675E+3
1.44796E+4	1.20747E+3
1.44897E+4	1.20801E+3
1.44998E+4	1.20846E+3
1.45099E+4	1.20902E+3
1.45200E+4	1.20958E+3
1.45301E+4	1.20984E+3
1.45403E+4	1.21032E+3
1.45504E+4	1.21078E+3
1.45605E+4	1.21130E+3
1.45706E+4	1.21181E+3
1.45807E+4	1.21215E+3
1.45908E+4	1.21268E+3
1.46009E+4	1.21341E+3
1.46110E+4	1.21393E+3
1.46211E+4	1.21453E+3
1.46312E+4	1.21527E+3
1.46414E+4	1.21550E+3
1.46515E+4	1.21593E+3
1.46616E+4	1.21634E+3
1.46717E+4	1.21719E+3
1.46818E+4	1.21780E+3
1.46919E+4	1.21824E+3
1.47020E+4	1.21852E+3
1.47121E+4	1.21885E+3
1.47222E+4	1.21947E+3
1.47324E+4	1.22006E+3
1.47425E+4	1.22055E+3
1.47526E+4	1.22156E+3
1.47627E+4	1.22194E+3
1.47728E+4	1.22222E+3
1.47829E+4	1.22280E+3
1.47930E+4	1.22349E+3
1.48031E+4	1.22388E+3
1.48132E+4	1.22446E+3
1.48233E+4	1.22522E+3
1.48335E+4	1.22575E+3
1.48436E+4	1.22619E+3
1.48537E+4	1.22691E+3
1.48638E+4	1.22740E+3
1.48739E+4	1.22765E+3
1.48840E+4	1.22807E+3
1.48941E+4	1.22835E+3
1.49042E+4	1.22900E+3
1.49143E+4	1.22950E+3
1.49244E+4	1.23020E+3
1.49346E+4	1.23069E+3
1.49447E+4	1.23091E+3
1.49548E+4	1.23147E+3
1.49649E+4	1.23219E+3
1.49750E+4	1.23266E+3
1.49851E+4	1.23315E+3
1.49952E+4	1.23379E+3
1.50053E+4	1.23422E+3
1.50154E+4	1.23473E+3
1.50255E+4	1.23539E+3
1.50357E+4	1.23586E+3
1.50458E+4	1.23627E+3
1.50559E+4	1.23659E+3
1.50660E+4	1.23741E+3
1.50761E+4	1.23813E+3
1.50862E+4	1.23865E+3
1.50963E+4	1.23889E+3
1.51064E+4	1.23915E+3
1.51165E+4	1.23984E+3
1.51266E+4	1.24050E+3
1.51368E+4	1.24091E+3
1.51469E+4	1.24144E+3
1.51570E+4	1.24219E+3
1.51671E+4	1.24259E+3
1.51772E+4	1.24290E+3
1.51873E+4	1.24338E+3
1.51974E+4	1.24414E+3
1.52075E+4	1.24481E+3
1.52176E+4	1.24535E+3
1.52277E+4	1.24567E+3
1.52379E+4	1.24597E+3
1.52480E+4	1.24663E+3
1.52581E+4	1.24704E+3
1.52682E+4	1.24768E+3
1.52783E+4	1.24801E+3
1.52884E+4	1.24859E+3
1.52985E+4	1.24898E+3
1.53086E+4	1.24969E+3
1.53187E+4	1.24996E+3
1.53288E+4	1.25046E+3
1.53390E+4	1.25093E+3
1.53491E+4	1.25156E+3
1.53592E+4	1.25214E+3
1.53693E+4	1.25262E+3
1.53794E+4	1.25299E+3
1.53895E+4	1.25363E+3
1.53996E+4	1.25399E+3
1.54097E+4	1.25479E+3
1.54198E+4	1.25543E+3
1.54299E+4	1.25580E+3
1.54401E+4	1.25628E+3
1.54502E+4	1.25704E+3
1.54603E+4	1.25750E+3
1.54704E+4	1.25806E+3
1.54805E+4	1.25830E+3
1.54906E+4	1.25885E+3
1.55007E+4	1.25949E+3
1.55108E+4	1.26028E+3
1.55209E+4	1.26081E+3
1.55310E+4	1.26123E+3
1.55411E+4	1.26190E+3
1.55513E+4	1.26241E+3
1.55614E+4	1.26288E+3
1.55715E+4	1.26334E+3
1.55816E+4	1.26386E+3
1.55917E+4	1.26439E+3
1.56018E+4	1.26511E+3
1.56119E+4	1.26542E+3
1.56220E+4	1.26594E+3
1.56321E+4	1.26651E+3
1.56423E+4	1.26702E+3
1.56524E+4	1.26761E+3
1.56625E+4	1.26785E+3
1.56726E+4	1.26843E+3
1.56827E+4	1.26891E+3
1.56928E+4	1.26921E+3
1.57029E+4	1.26998E+3
1.57130E+4	1.27045E+3
1.57231E+4	1.27069E+3
1.57332E+4	1.27112E+3
1.57433E+4	1.27185E+3
1.57535E+4	1.27240E+3
1.57636E+4	1.27282E+3
1.57737E+4	1.27330E+3
1.57838E+4	1.27369E+3
1.57939E+4	1.27426E+3
1.58040E+4	1.27465E+3
1.58141E+4	1.27531E+3
1.58242E+4	1.27597E+3
1.58343E+4	1.27637E+3
1.58444E+4	1.27676E+3
1.58546E+4	1.27732E+3
1.58647E+4	1.27786E+3
1.58748E+4	1.27836E+3
1.58849E+4	1.27899E+3
1.58950E+4	1.27963E+3
1.59051E+4	1.27989E+3
1.59152E+4	1.28045E+3
1.59253E+4	1.28087E+3
1.59354E+4	1.28150E+3
1.59455E+4	1.28194E+3
1.59557E+4	1.28243E+3
1.59658E+4	1.28300E+3
1.59759E+4	1.28372E+3
1.59860E+4	1.28412E+3
1.59961E+4	1.28462E+3
1.60062E+4	1.28507E+3
1.60163E+4	1.28564E+3
1.60264E+4	1.28614E+3
1.60365E+4	1.28656E+3
1.60466E+4	1.28694E+3
1.60568E+4	1.28756E+3
1.60669E+4	1.28805E+3
1.60770E+4	1.28853E+3
1.60871E+4	1.28905E+3
1.60972E+4	1.28948E+3
1.61073E+4	1.29005E+3
1.61174E+4	1.29059E+3
1.61275E+4	1.29119E+3
1.61376E+4	1.29183E+3
1.61477E+4	1.29217E+3
1.61579E+4	1.29259E+3
1.61680E+4	1.29301E+3
1.61781E+4	1.29343E+3
1.61882E+4	1.29412E+3
1.61983E+4	1.29450E+3
1.62084E+4	1.29517E+3
1.62185E+4	1.29563E+3
1.62286E+4	1.29622E+3
1.62387E+4	1.29681E+3
1.62488E+4	1.29718E+3
1.62590E+4	1.29758E+3
1.62691E+4	1.29786E+3
1.62792E+4	1.29822E+3
1.62893E+4	1.29866E+3
1.62994E+4	1.29936E+3
1.63095E+4	1.30004E+3
1.63196E+4	1.30057E+3
1.63297E+4	1.30108E+3
1.63398E+4	1.30165E+3
1.63499E+4	1.30229E+3
1.63601E+4	1.30268E+3
1.63702E+4	1.30335E+3
1.63803E+4	1.30378E+3
1.63904E+4	1.30449E+3
1.64005E+4	1.30469E+3
1.64106E+4	1.30520E+3
1.64207E+4	1.30574E+3
1.64308E+4	1.30584E+3
1.64409E+4	1.30634E+3
1.64510E+4	1.30677E+3
1.64612E+4	1.30736E+3
1.64713E+4	1.30803E+3
1.64814E+4	1.30856E+3
1.64915E+4	1.30884E+3
1.65016E+4	1.30931E+3
1.65117E+4	1.30973E+3
1.65218E+4	1.31031E+3
1.65319E+4	1.31074E+3
1.65420E+4	1.31118E+3
1.65521E+4	1.31168E+3
1.65623E+4	1.31230E+3
1.65724E+4	1.31278E+3
1.65825E+4	1.31330E+3
1.65926E+4	1.31389E+3
1.66027E+4	1.31431E+3
1.66128E+4	1.31482E+3
1.66229E+4	1.31505E+3
1.66330E+4	1.31561E+3
1.66431E+4	1.31603E+3
1.66532E+4	1.31659E+3
1.66634E+4	1.31717E+3
1.66735E+4	1.31781E+3
1.66836E+4	1.31831E+3
1.66937E+4	1.31879E+3
1.67038E+4	1.31948E+3
1.67139E+4	1.31966E+3
1.67240E+4	1.32034E+3
1.67341E+4	1.32100E+3
1.67442E+4	1.32165E+3
1.67544E+4	1.32208E+3
1.67645E+4	1.32235E+3
1.67746E+4	1.32296E+3
1.67847E+4	1.32358E+3
1.67948E+4	1.32403E+3
1.68049E+4	1.32438E+3
1.68150E+4	1.32467E+3
1.68251E+4	1.32536E+3
1.68352E+4	1.32587E+3
1.68453E+4	1.32648E+3
1.68554E+4	1.32693E+3
1.68656E+4	1.32740E+3
1.68757E+4	1.32784E+3
1.68858E+4	1.32835E+3
1.68959E+4	1.32863E+3
1.69060E+4	1.32908E+3
1.69161E+4	1.32966E+3
1.69262E+4	1.33007E+3
1.69363E+4	1.33051E+3
1.69464E+4	1.33096E+3
1.69565E+4	1.33153E+3
1.69667E+4	1.33213E+3
1.69768E+4	1.33274E+3
1.69869E+4	1.33300E+3
1.69970E+4	1.33346E+3
1.70071E+4	1.33419E+3
1.70172E+4	1.33470E+3
1.70273E+4	1.33502E+3
1.70374E+4	1.33563E+3
1.70475E+4	1.33615E+3
1.70576E+4	1.33654E+3
1.70678E+4	1.33718E+3
1.70779E+4	1.33751E+3
1.70880E+4	1.33804E+3
1.70981E+4	1.33842E+3
1.71082E+4	1.33903E+3
1.71183E+4	1.33958E+3
1.71284E+4	1.34020E+3
1.71385E+4	1.34053E+3
1.71486E+4	1.34106E+3
1.71587E+4	1.34172E+3
1.71689E+4	1.34223E+3
1.71790E+4	1.34270E+3
1.71891E+4	1.34330E+3
1.71992E+4	1.34359E+3
1.72093E+4	1.34417E+3
1.72194E+4	1.34461E+3
1.72295E+4	1.34499E+3
1.72396E+4	1.34565E+3
1.72497E+4	1.34600E+3
1.72598E+4	1.34643E+3
1.72700E+4	1.34709E+3
1.72801E+4	1.34766E+3
1.72902E+4	1.34832E+3
1.73003E+4	1.34867E+3
1.73104E+4	1.34899E+3
1.73205E+4	1.34952E+3
1.73306E+4	1.35011E+3
1.73407E+4	1.35059E+3
1.73508E+4	1.35091E+3
1.73609E+4	1.35136E+3
1.73711E+4	1.35201E+3
1.73812E+4	1.35239E+3
1.73913E+4	1.35292E+3
1.74014E+4	1.35348E+3
1.74115E+4	1.35402E+3
1.74216E+4	1.35445E+3
1.74317E+4	1.35513E+3
1.74418E+4	1.35577E+3
1.74519E+4	1.35626E+3
1.74621E+4	1.35657E+3
1.74722E+4	1.35707E+3
1.74823E+4	1.35772E+3
1.74924E+4	1.35823E+3
1.75025E+4	1.35887E+3
1.75126E+4	1.35934E+3
1.75227E+4	1.35973E+3
1.75328E+4	1.36016E+3
1.75429E+4	1.36061E+3
1.75530E+4	1.36109E+3
1.75632E+4	1.36155E+3
1.75733E+4	1.36205E+3
1.75834E+4	1.36262E+3
1.75935E+4	1.36323E+3
1.76036E+4	1.36378E+3
1.76137E+4	1.36424E+3
1.76238E+4	1.36447E+3
1.76339E+4	1.36495E+3
1.76440E+4	1.36546E+3
1.76541E+4	1.36599E+3
1.76642E+4	1.36666E+3
1.76744E+4	1.36701E+3
1.76845E+4	1.36756E+3
1.76946E+4	1.36817E+3
1.77047E+4	1.36853E+3
1.77148E+4	1.36902E+3
1.77249E+4	1.36939E+3
1.77350E+4	1.36997E+3
1.77451E+4	1.37035E+3
1.77552E+4	1.37108E+3
1.77654E+4	1.37164E+3
1.77755E+4	1.37220E+3
1.77856E+4	1.37272E+3
1.77957E+4	1.37314E+3
1.78058E+4	1.37357E+3
1.78159E+4	1.37427E+3
1.78260E+4	1.37487E+3
1.78361E+4	1.37532E+3
1.78462E+4	1.37566E+3
1.78563E+4	1.37608E+3
1.78665E+4	1.37649E+3
1.78766E+4	1.37695E+3
1.78867E+4	1.37764E+3
1.78968E+4	1.37824E+3
1.79069E+4	1.37870E+3
1.79170E+4	1.37914E+3
1.79271E+4	1.37977E+3
1.79372E+4	1.38006E+3
1.79473E+4	1.38040E+3
1.79574E+4	1.38117E+3
1.79676E+4	1.38172E+3
1.79777E+4	1.38216E+3
1.79878E+4	1.38265E+3
1.79979E+4	1.38327E+3
1.80080E+4	1.38384E+3
1.80181E+4	1.38438E+3
1.80282E+4	1.38484E+3
1.80383E+4	1.38525E+3
1.80484E+4	1.38574E+3
1.80585E+4	1.38629E+3
1.80687E+4	1.38683E+3
1.80788E+4	1.38739E+3
1.80889E+4	1.38782E+3
1.80990E+4	1.38844E+3
1.81091E+4	1.38885E+3
1.81192E+4	1.38942E+3
1.81293E+4	1.38995E+3
1.81394E+4	1.39051E+3
1.81495E+4	1.39098E+3
1.81597E+4	1.39141E+3
1.81698E+4	1.39195E+3
1.81799E+4	1.39239E+3
1.81900E+4	1.39292E+3
1.82001E+4	1.39331E+3
1.82102E+4	1.39391E+3
1.82203E+4	1.39459E+3
1.82304E+4	1.39490E+3
1.82405E+4	1.39544E+3
1.82506E+4	1.39599E+3
1.82607E+4	1.39657E+3
1.82709E+4	1.39705E+3
1.82810E+4	1.39756E+3
1.82911E+4	1.39815E+3
1.83012E+4	1.39872E+3
1.83113E+4	1.39915E+3
1.83214E+4	1.39969E+3
1.83315E+4	1.39997E+3
1.83416E+4	1.40042E+3
1.83517E+4	1.40091E+3
1.83619E+4	1.40156E+3
1.83720E+4	1.40213E+3
1.83821E+4	1.40266E+3
1.83922E+4	1.40312E+3
1.84023E+4	1.40369E+3
1.84124E+4	1.40424E+3
1.84225E+4	1.40475E+3
1.84326E+4	1.40522E+3
1.84427E+4	1.40596E+3
1.84528E+4	1.40632E+3
1.84630E+4	1.40673E+3
1.84731E+4	1.40726E+3
1.84832E+4	1.40775E+3
1.84933E+4	1.40842E+3
1.85034E+4	1.40894E+3
1.85135E+4	1.40942E+3
1.85236E+4	1.40993E+3
1.85337E+4	1.41049E+3
1.85438E+4	1.41100E+3
1.85539E+4	1.41149E+3
1.85641E+4	1.41207E+3
1.85742E+4	1.41246E+3
1.85843E+4	1.41297E+3
1.85944E+4	1.41340E+3
1.86045E+4	1.41394E+3
1.86146E+4	1.41453E+3
1.86247E+4	1.41506E+3
1.86348E+4	1.41554E+3
1.86449E+4	1.41617E+3
1.86550E+4	1.41671E+3
1.86652E+4	1.41712E+3
1.86753E+4	1.41758E+3
1.86854E+4	1.41814E+3
1.86955E+4	1.41886E+3
1.87056E+4	1.41931E+3
1.87157E+4	1.41961E+3
1.87258E+4	1.42005E+3
1.87359E+4	1.42072E+3
1.87460E+4	1.42138E+3
1.87561E+4	1.42207E+3
1.87663E+4	1.42246E+3
1.87764E+4	1.42294E+3
1.87865E+4	1.42352E+3
1.87966E+4	1.42415E+3
1.88067E+4	1.42468E+3
1.88168E+4	1.42516E+3
1.88269E+4	1.42559E+3
1.88370E+4	1.42607E+3
1.88471E+4	1.42668E+3
1.88572E+4	1.42709E+3
1.88674E+4	1.42768E+3
1.88775E+4	1.42824E+3
1.88876E+4	1.42877E+3
1.88977E+4	1.42924E+3
1.89078E+4	1.42975E+3
1.89179E+4	1.43024E+3
1.89280E+4	1.43093E+3
1.89381E+4	1.43146E+3
1.89482E+4	1.43194E+3
1.89584E+4	1.43258E+3
1.89685E+4	1.43300E+3
1.89786E+4	1.43347E+3
1.89887E+4	1.43399E+3
1.89988E+4	1.43472E+3
1.90089E+4	1.43528E+3
1.90190E+4	1.43570E+3
1.90291E+4	1.43621E+3
1.90392E+4	1.43685E+3
1.90493E+4	1.43735E+3
1.90595E+4	1.43780E+3
1.90696E+4	1.43838E+3
1.90797E+4	1.43889E+3
1.90898E+4	1.43928E+3
1.90999E+4	1.43976E+3
1.91100E+4	1.44040E+3
1.91201E+4	1.44085E+3
1.91302E+4	1.44150E+3
1.91403E+4	1.44203E+3
1.91504E+4	1.44242E+3
1.91606E+4	1.44306E+3
1.91707E+4	1.44356E+3
1.91808E+4	1.44418E+3
1.91909E+4	1.44476E+3
1.92010E+4	1.44531E+3
1.92111E+4	1.44574E+3
1.92212E+4	1.44637E+3
1.92313E+4	1.44691E+3
1.92414E+4	1.44739E+3
1.92515E+4	1.44769E+3
1.92617E+4	1.44803E+3
1.92718E+4	1.44904E+3
1.92819E+4	1.44931E+3
1.92920E+4	1.44968E+3
1.93021E+4	1.45031E+3
1.93122E+4	1.45051E+3
1.93223E+4	1.45083E+3
1.93324E+4	1.45113E+3
1.93425E+4	1.45146E+3
1.93526E+4	1.45159E+3
1.93628E+4	1.45204E+3
1.93729E+4	1.45236E+3
1.93830E+4	1.45247E+3
1.93931E+4	1.45270E+3
1.94032E+4	1.45302E+3
1.94133E+4	1.45330E+3
1.94234E+4	1.45361E+3
1.94335E+4	1.45371E+3
1.94436E+4	1.45384E+3
1.94537E+4	1.45405E+3
1.94639E+4	1.45428E+3
1.94740E+4	1.45447E+3
1.94841E+4	1.45461E+3
1.94942E+4	1.45480E+3
1.95043E+4	1.45490E+3
1.95144E+4	1.45492E+3
1.95245E+4	1.45517E+3
1.95346E+4	1.45518E+3
1.95447E+4	1.45541E+3
1.95548E+4	1.45561E+3
1.95650E+4	1.45550E+3
1.95751E+4	1.45567E+3
1.95852E+4	1.45598E+3
1.95953E+4	1.45596E+3
1.96054E+4	1.45603E+3
1.96155E+4	1.45621E+3
1.96256E+4	1.45632E+3
1.96357E+4	1.45639E+3
1.96458E+4	1.45648E+3
1.96559E+4	1.45646E+3
1.96661E+4	1.45658E+3
1.96762E+4	1.45673E+3
1.96863E+4	1.45662E+3
1.96964E+4	1.45667E+3
1.97065E+4	1.45686E+3
1.97166E+4	1.45702E+3
1.97267E+4	1.45693E+3
1.97368E+4	1.45693E+3
1.97469E+4	1.45720E+3
1.97570E+4	1.45720E+3
1.97672E+4	1.45725E+3
1.97773E+4	1.45735E+3
1.97874E+4	1.45730E+3
1.97975E+4	1.45734E+3
1.98076E+4	1.45743E+3
1.98177E+4	1.45749E+3
1.98278E+4	1.45741E+3
1.98379E+4	1.45741E+3
1.98480E+4	1.45745E+3
1.98582E+4	1.45755E+3
1.98683E+4	1.45766E+3
1.98784E+4	1.45767E+3
1.98885E+4	1.45763E+3
1.98986E+4	1.45759E+3
1.99087E+4	1.45771E+3
1.99188E+4	1.45776E+3
1.99289E+4	1.45777E+3
1.99390E+4	1.45785E+3
1.99491E+4	1.45738E+3
1.99593E+4	1.45709E+3
1.99694E+4	1.45696E+3
1.99795E+4	1.45659E+3
1.99896E+4	1.45633E+3
1.99997E+4	1.45595E+3
2.00098E+4	1.45569E+3
2.00199E+4	1.45529E+3
2.00300E+4	1.45491E+3
2.00401E+4	1.45456E+3
2.00503E+4	1.45409E+3
2.00604E+4	1.45372E+3
2.00705E+4	1.45338E+3
2.00806E+4	1.45307E+3
2.00907E+4	1.45260E+3
2.01008E+4	1.45212E+3
2.01109E+4	1.45154E+3
2.01210E+4	1.45117E+3
2.01311E+4	1.45059E+3
2.01412E+4	1.45014E+3
2.01514E+4	1.44967E+3
2.01615E+4	1.44914E+3
2.01716E+4	1.44861E+3
2.01817E+4	1.44810E+3
2.01918E+4	1.44748E+3
2.02019E+4	1.44700E+3
2.02120E+4	1.44639E+3
2.02221E+4	1.44581E+3
2.02322E+4	1.44515E+3
2.02424E+4	1.44460E+3
2.02525E+4	1.44407E+3
2.02626E+4	1.44362E+3
2.02727E+4	1.44307E+3
2.02828E+4	1.44240E+3
2.02929E+4	1.44169E+3
2.03030E+4	1.44111E+3
2.03131E+4	1.44055E+3
2.03232E+4	1.43984E+3
2.03333E+4	1.43921E+3
2.03435E+4	1.43857E+3
2.03536E+4	1.43791E+3
2.03637E+4	1.43730E+3
2.03738E+4	1.43667E+3
2.03839E+4	1.43606E+3
2.03940E+4	1.43538E+3
2.04041E+4	1.43475E+3
2.04142E+4	1.43415E+3
2.04243E+4	1.43339E+3
2.04345E+4	1.43274E+3
2.04446E+4	1.43203E+3
2.04547E+4	1.43158E+3
2.04648E+4	1.43077E+3
2.04749E+4	1.43012E+3
2.04850E+4	1.42948E+3
2.04951E+4	1.42891E+3
2.05052E+4	1.42831E+3
2.05153E+4	1.42756E+3
2.05254E+4	1.42683E+3
2.05356E+4	1.42629E+3
2.05457E+4	1.42566E+3
2.05558E+4	1.42510E+3
2.05659E+4	1.42435E+3
2.05760E+4	1.42366E+3
2.05861E+4	1.42294E+3
2.05962E+4	1.42243E+3
2.06063E+4	1.42180E+3
2.06164E+4	1.42108E+3
2.06266E+4	1.42057E+3
2.06367E+4	1.41976E+3
2.06468E+4	1.41905E+3
2.06569E+4	1.41847E+3
2.06670E+4	1.41779E+3
2.06771E+4	1.41719E+3
2.06872E+4	1.41638E+3
2.06973E+4	1.41579E+3
2.07074E+4	1.41505E+3
2.07176E+4	1.41438E+3
2.07277E+4	1.41375E+3
2.07378E+4	1.41316E+3
2.07479E+4	1.41247E+3
2.07580E+4	1.41168E+3
2.07681E+4	1.41098E+3
2.07782E+4	1.41037E+3
2.07883E+4	1.40982E+3
2.07984E+4	1.40917E+3
2.08085E+4	1.40843E+3
2.08187E+4	1.40782E+3
2.08288E+4	1.40725E+3
2.08389E+4	1.40655E+3
2.08490E+4	1.40604E+3
2.08591E+4	1.40537E+3
2.08692E+4	1.40455E+3
2.08793E+4	1.40395E+3
2.08894E+4	1.40338E+3
2.08995E+4	1.40263E+3
2.09096E+4	1.40204E+3
2.09198E+4	1.40142E+3
2.09299E+4	1.40070E+3
2.09400E+4	1.39998E+3
2.09501E+4	1.39934E+3
2.09602E+4	1.39876E+3
2.09703E+4	1.39824E+3
2.09804E+4	1.39748E+3
2.09905E+4	1.39687E+3
2.10006E+4	1.39622E+3
2.10108E+4	1.39560E+3
2.10209E+4	1.39497E+3
2.10310E+4	1.39437E+3
2.10411E+4	1.39373E+3
2.10512E+4	1.39297E+3
2.10613E+4	1.39229E+3
2.10714E+4	1.39155E+3
2.10815E+4	1.39112E+3
2.10916E+4	1.39054E+3
2.11017E+4	1.38983E+3
2.11119E+4	1.38914E+3
2.11220E+4	1.38853E+3
2.11321E+4	1.38780E+3
2.11422E+4	1.38709E+3
2.11523E+4	1.38643E+3
2.11624E+4	1.38572E+3
2.11725E+4	1.38522E+3
2.11826E+4	1.38450E+3
2.11927E+4	1.38395E+3
2.12028E+4	1.38331E+3
2.12130E+4	1.38266E+3
2.12231E+4	1.38202E+3
2.12332E+4	1.38144E+3
2.12433E+4	1.38081E+3
2.12534E+4	1.38011E+3
2.12635E+4	1.37929E+3
2.12736E+4	1.37878E+3
2.12837E+4	1.37828E+3
2.12938E+4	1.37767E+3
2.13040E+4	1.37687E+3
2.13141E+4	1.37622E+3
2.13242E+4	1.37564E+3
2.13343E+4	1.37500E+3
2.13444E+4	1.37442E+3
2.13545E+4	1.37372E+3
2.13646E+4	1.37313E+3
2.13747E+4	1.37256E+3
2.13848E+4	1.37191E+3
2.13950E+4	1.37139E+3
2.14051E+4	1.37082E+3
2.14152E+4	1.37019E+3
2.14253E+4	1.36949E+3
2.14354E+4	1.36877E+3
2.14455E+4	1.36817E+3
2.14556E+4	1.36763E+3
2.14657E+4	1.36692E+3
2.14758E+4	1.36634E+3
2.14859E+4	1.36567E+3
2.14961E+4	1.36489E+3
2.15062E+4	1.36439E+3
2.15163E+4	1.36366E+3
2.15264E+4	1.36314E+3
2.15365E+4	1.36268E+3
2.15466E+4	1.36203E+3
2.15567E+4	1.36139E+3
2.15668E+4	1.36063E+3
2.15769E+4	1.36016E+3
2.15871E+4	1.35948E+3
2.15972E+4	1.35895E+3
2.16073E+4	1.35825E+3
2.16174E+4	1.35762E+3
2.16275E+4	1.35695E+3
2.16376E+4	1.35633E+3
2.16477E+4	1.35582E+3
2.16578E+4	1.35507E+3
2.16679E+4	1.35453E+3
2.16781E+4	1.35399E+3
2.16882E+4	1.35336E+3
2.16983E+4	1.35262E+3
2.17084E+4	1.35188E+3
2.17185E+4	1.35137E+3
2.17286E+4	1.35080E+3
2.17387E+4	1.35009E+3
2.17488E+4	1.34940E+3
2.17589E+4	1.34877E+3
2.17690E+4	1.34800E+3
2.17792E+4	1.34739E+3
2.17893E+4	1.34689E+3
2.17994E+4	1.34612E+3
2.18095E+4	1.34564E+3
2.18196E+4	1.34497E+3
2.18297E+4	1.34431E+3
2.18398E+4	1.34384E+3
2.18499E+4	1.34303E+3
2.18600E+4	1.34246E+3
2.18702E+4	1.34178E+3
2.18803E+4	1.34129E+3
2.18904E+4	1.34063E+3
2.19005E+4	1.34003E+3
2.19106E+4	1.33949E+3
2.19207E+4	1.33882E+3
2.19308E+4	1.33824E+3
2.19409E+4	1.33764E+3
2.19510E+4	1.33708E+3
2.19612E+4	1.33647E+3
2.19713E+4	1.33595E+3
2.19814E+4	1.33531E+3
2.19915E+4	1.33459E+3
2.20016E+4	1.33421E+3
2.20117E+4	1.33373E+3
2.20218E+4	1.33305E+3
2.20319E+4	1.33224E+3
2.20420E+4	1.33166E+3
2.20521E+4	1.33088E+3
2.20623E+4	1.33024E+3
2.20724E+4	1.32963E+3
2.20825E+4	1.32907E+3
2.20926E+4	1.32844E+3
2.21027E+4	1.32775E+3
2.21128E+4	1.32706E+3
2.21229E+4	1.32655E+3
2.21330E+4	1.32590E+3
2.21431E+4	1.32531E+3
2.21533E+4	1.32464E+3
2.21634E+4	1.32406E+3
2.21735E+4	1.32340E+3
2.21836E+4	1.32291E+3
2.21937E+4	1.32246E+3
2.22038E+4	1.32160E+3
2.22139E+4	1.32090E+3
2.22240E+4	1.32026E+3
2.22341E+4	1.31967E+3
2.22443E+4	1.31906E+3
2.22544E+4	1.31840E+3
2.22645E+4	1.31804E+3
2.22746E+4	1.31741E+3
2.22847E+4	1.31670E+3
2.22948E+4	1.31605E+3
2.23049E+4	1.31536E+3
2.23150E+4	1.31459E+3
2.23251E+4	1.31401E+3
2.23352E+4	1.31340E+3
2.23454E+4	1.31295E+3
2.23555E+4	1.31229E+3
2.23656E+4	1.31184E+3
2.23757E+4	1.31121E+3
2.23858E+4	1.31056E+3
2.23959E+4	1.30987E+3
2.24060E+4	1.30910E+3
2.24161E+4	1.30860E+3
2.24262E+4	1.30811E+3
2.24364E+4	1.30731E+3
2.24465E+4	1.30679E+3
2.24566E+4	1.30602E+3
2.24667E+4	1.30541E+3
2.24768E+4	1.30481E+3
2.24869E+4	1.30419E+3
2.24970E+4	1.30349E+3
2.25071E+4	1.30295E+3
2.25172E+4	1.30229E+3
2.25274E+4	1.30165E+3
2.25375E+4	1.30113E+3
2.25476E+4	1.30051E+3
2.25577E+4	1.29991E+3
2.25678E+4	1.29923E+3
2.25779E+4	1.29861E+3
2.25880E+4	1.29811E+3
2.25981E+4	1.29742E+3
2.26082E+4	1.29678E+3
2.26183E+4	1.29617E+3
2.26285E+4	1.29552E+3
2.26386E+4	1.29513E+3
2.26487E+4	1.29435E+3
2.26588E+4	1.29372E+3
2.26689E+4	1.29324E+3
2.26790E+4	1.29247E+3
2.26891E+4	1.29207E+3
2.26992E+4	1.29145E+3
2.27093E+4	1.29086E+3
2.27194E+4	1.29019E+3
2.27296E+4	1.28944E+3
2.27397E+4	1.28881E+3
2.27498E+4	1.28834E+3
2.27599E+4	1.28777E+3
2.27700E+4	1.28722E+3
2.27801E+4	1.28639E+3
2.27902E+4	1.28564E+3
2.28003E+4	1.28495E+3
2.28104E+4	1.28441E+3
2.28205E+4	1.28367E+3
2.28307E+4	1.28321E+3
2.28408E+4	1.28276E+3
2.28509E+4	1.28211E+3
2.28610E+4	1.28156E+3
2.28711E+4	1.28085E+3
2.28812E+4	1.28000E+3
2.28913E+4	1.27915E+3
2.29014E+4	1.27884E+3
2.29115E+4	1.27825E+3
2.29217E+4	1.27767E+3
2.29318E+4	1.27696E+3
2.29419E+4	1.27634E+3
2.29520E+4	1.27571E+3
2.29621E+4	1.27520E+3
2.29722E+4	1.27446E+3
2.29823E+4	1.27404E+3
2.29924E+4	1.27344E+3
2.30025E+4	1.27273E+3
2.30126E+4	1.27206E+3
2.30228E+4	1.27133E+3
2.30329E+4	1.27092E+3
2.30430E+4	1.27037E+3
2.30531E+4	1.26984E+3
2.30632E+4	1.26931E+3
2.30733E+4	1.26873E+3
2.30834E+4	1.26797E+3
2.30935E+4	1.26725E+3
2.31036E+4	1.26676E+3
2.31138E+4	1.26613E+3
2.31239E+4	1.26535E+3
2.31340E+4	1.26472E+3
2.31441E+4	1.26401E+3
2.31542E+4	1.26340E+3
2.31643E+4	1.26286E+3
2.31744E+4	1.26229E+3
2.31845E+4	1.26159E+3
2.31946E+4	1.26096E+3
2.32047E+4	1.26037E+3
2.32149E+4	1.25984E+3
2.32250E+4	1.25917E+3
2.32351E+4	1.25855E+3
2.32452E+4	1.25791E+3
2.32553E+4	1.25736E+3
2.32654E+4	1.25668E+3
2.32755E+4	1.25614E+3
2.32856E+4	1.25556E+3
2.32957E+4	1.25467E+3
2.33059E+4	1.25419E+3
2.33160E+4	1.25365E+3
2.33261E+4	1.25299E+3
2.33362E+4	1.25226E+3
2.33463E+4	1.25175E+3
2.33564E+4	1.25118E+3
2.33665E+4	1.25072E+3
2.33766E+4	1.25003E+3
2.33867E+4	1.24929E+3
2.33968E+4	1.24865E+3
2.34070E+4	1.24803E+3
2.34171E+4	1.24732E+3
2.34272E+4	1.24660E+3
2.34373E+4	1.24631E+3
2.34474E+4	1.24570E+3
2.34575E+4	1.24494E+3
2.34676E+4	1.24428E+3
2.34777E+4	1.24372E+3
2.34878E+4	1.24317E+3
2.34980E+4	1.24241E+3
2.35081E+4	1.24166E+3
2.35182E+4	1.24112E+3
2.35283E+4	1.24074E+3
2.35384E+4	1.24017E+3
2.35485E+4	1.23958E+3
2.35586E+4	1.23869E+3
2.35687E+4	1.23787E+3
2.35788E+4	1.23736E+3
2.35889E+4	1.23695E+3
2.35991E+4	1.23615E+3
2.36092E+4	1.23557E+3
2.36193E+4	1.23504E+3
2.36294E+4	1.23446E+3
2.36395E+4	1.23417E+3
2.36496E+4	1.23341E+3
2.36597E+4	1.23267E+3
2.36698E+4	1.23191E+3
2.36799E+4	1.23134E+3
2.36901E+4	1.23081E+3
2.37002E+4	1.22993E+3
2.37103E+4	1.22936E+3
2.37204E+4	1.22871E+3
2.37305E+4	1.22808E+3
2.37406E+4	1.22748E+3
2.37507E+4	1.22699E+3
2.37608E+4	1.22634E+3
2.37709E+4	1.22567E+3
2.37810E+4	1.22481E+3
2.37912E+4	1.22427E+3
2.38013E+4	1.22371E+3
2.38114E+4	1.22303E+3
2.38215E+4	1.22243E+3
2.38316E+4	1.22201E+3
2.38417E+4	1.22159E+3
2.38518E+4	1.22113E+3
2.38619E+4	1.22033E+3
2.38720E+4	1.21944E+3
2.38821E+4	1.21915E+3
2.38923E+4	1.21851E+3
2.39024E+4	1.21763E+3
2.39125E+4	1.21681E+3
2.39226E+4	1.21608E+3
2.39327E+4	1.21560E+3
2.39428E+4	1.21512E+3
2.39529E+4	1.21463E+3
2.39630E+4	1.21371E+3
2.39731E+4	1.21324E+3
2.39832E+4	1.21254E+3
2.39934E+4	1.21210E+3
2.40035E+4	1.21138E+3
2.40136E+4	1.21086E+3
2.40237E+4	1.21018E+3
2.40338E+4	1.20940E+3
2.40439E+4	1.20873E+3
2.40540E+4	1.20813E+3
2.40641E+4	1.20734E+3
2.40742E+4	1.20663E+3
2.40843E+4	1.20614E+3
2.40945E+4	1.20554E+3
2.41046E+4	1.20487E+3
2.41147E+4	1.20432E+3
2.41248E+4	1.20361E+3
2.41349E+4	1.20321E+3
2.41450E+4	1.20245E+3
2.41551E+4	1.20205E+3
2.41652E+4	1.20151E+3
2.41753E+4	1.20082E+3
2.41854E+4	1.20005E+3
2.41956E+4	1.19951E+3
2.42057E+4	1.19887E+3
2.42158E+4	1.19822E+3
2.42259E+4	1.19761E+3
2.42360E+4	1.19693E+3
2.42461E+4	1.19648E+3
2.42562E+4	1.19564E+3
2.42663E+4	1.19476E+3
2.42764E+4	1.19408E+3
2.42865E+4	1.19359E+3
2.42967E+4	1.19316E+3
2.43068E+4	1.19261E+3
2.43169E+4	1.19170E+3
2.43270E+4	1.19121E+3
2.43371E+4	1.19046E+3
2.43472E+4	1.18980E+3
2.43573E+4	1.18949E+3
2.43674E+4	1.18898E+3
2.43775E+4	1.18838E+3
2.43877E+4	1.18751E+3
2.43978E+4	1.18698E+3
2.44079E+4	1.18617E+3
2.44180E+4	1.18548E+3
2.44281E+4	1.18514E+3
2.44382E+4	1.18459E+3
2.44483E+4	1.18391E+3
2.44584E+4	1.18328E+3
2.44685E+4	1.18269E+3
2.44786E+4	1.18210E+3
2.44888E+4	1.18154E+3
2.44989E+4	1.18093E+3
2.45090E+4	1.18031E+3
2.45191E+4	1.17964E+3
2.45292E+4	1.17906E+3
2.45393E+4	1.17840E+3
2.45494E+4	1.17774E+3
2.45595E+4	1.17720E+3
2.45696E+4	1.17667E+3
2.45798E+4	1.17598E+3
2.45899E+4	1.17519E+3
2.46000E+4	1.17458E+3
2.46101E+4	1.17393E+3
2.46202E+4	1.17341E+3
2.46303E+4	1.17254E+3
2.46404E+4	1.17194E+3
2.46505E+4	1.17155E+3
2.46606E+4	1.17088E+3
2.46708E+4	1.17034E+3
2.46809E+4	1.16953E+3
2.46910E+4	1.16887E+3
2.47011E+4	1.16817E+3
2.47112E+4	1.16757E+3
2.47213E+4	1.16674E+3
2.47314E+4	1.16596E+3
2.47415E+4	1.16551E+3
2.47516E+4	1.16486E+3
2.47617E+4	1.16433E+3
2.47719E+4	1.16361E+3
2.47820E+4	1.16306E+3
2.47921E+4	1.16267E+3
2.48022E+4	1.16195E+3
2.48123E+4	1.16098E+3
2.48224E+4	1.16032E+3
2.48325E+4	1.15960E+3
2.48426E+4	1.15910E+3
2.48527E+4	1.15866E+3
2.48629E+4	1.15786E+3
2.48730E+4	1.15715E+3
2.48831E+4	1.15661E+3
2.48932E+4	1.15614E+3
2.49033E+4	1.15537E+3
2.49134E+4	1.15469E+3
2.49235E+4	1.15425E+3
2.49336E+4	1.15386E+3
2.49437E+4	1.15304E+3
2.49538E+4	1.15227E+3
2.49640E+4	1.15153E+3
2.49741E+4	1.15087E+3
2.49842E+4	1.15024E+3
2.49943E+4	1.14964E+3
2.50044E+4	1.14907E+3
2.50145E+4	1.14841E+3
2.50246E+4	1.14790E+3
2.50347E+4	1.14743E+3
2.50448E+4	1.14678E+3
2.50549E+4	1.14618E+3
2.50651E+4	1.14551E+3
2.50752E+4	1.14475E+3
2.50853E+4	1.14397E+3
2.50954E+4	1.14346E+3
2.51055E+4	1.14306E+3
2.51156E+4	1.14233E+3
2.51257E+4	1.14150E+3
2.51358E+4	1.14093E+3
2.51459E+4	1.14047E+3
2.51561E+4	1.13978E+3
2.51662E+4	1.13915E+3
2.51763E+4	1.13851E+3
2.51864E+4	1.13782E+3
2.51965E+4	1.13731E+3
2.52066E+4	1.13664E+3
2.52167E+4	1.13592E+3
2.52268E+4	1.13506E+3
2.52369E+4	1.13428E+3
2.52471E+4	1.13375E+3
2.52572E+4	1.13308E+3
2.52673E+4	1.13267E+3
2.52774E+4	1.13197E+3
2.52875E+4	1.13103E+3
2.52976E+4	1.13038E+3
2.53077E+4	1.12971E+3
2.53178E+4	1.12893E+3
2.53279E+4	1.12834E+3
2.53380E+4	1.12775E+3
2.53482E+4	1.12717E+3
2.53583E+4	1.12665E+3
2.53684E+4	1.12621E+3
2.53785E+4	1.12553E+3
2.53886E+4	1.12488E+3
2.53987E+4	1.12426E+3
2.54088E+4	1.12366E+3
2.54189E+4	1.12335E+3
2.54290E+4	1.12278E+3
2.54392E+4	1.12208E+3
2.54493E+4	1.12119E+3
2.54594E+4	1.12049E+3
2.54695E+4	1.11973E+3
2.54796E+4	1.11936E+3
2.54897E+4	1.11870E+3
2.54998E+4	1.11815E+3
2.55099E+4	1.11730E+3
2.55200E+4	1.11636E+3
2.55301E+4	1.11579E+3
2.55403E+4	1.11531E+3
2.55504E+4	1.11467E+3
2.55605E+4	1.11395E+3
2.55706E+4	1.11343E+3
2.55807E+4	1.11265E+3
2.55908E+4	1.11188E+3
2.56009E+4	1.11149E+3
2.56110E+4	1.11086E+3
2.56211E+4	1.11016E+3
2.56312E+4	1.10954E+3
2.56414E+4	1.10889E+3
2.56515E+4	1.10811E+3
2.56616E+4	1.10761E+3
2.56717E+4	1.10708E+3
2.56818E+4	1.10661E+3
2.56919E+4	1.10598E+3
2.57020E+4	1.10546E+3
2.57121E+4	1.10475E+3
2.57222E+4	1.10398E+3
2.57323E+4	1.10336E+3
2.57425E+4	1.10279E+3
2.57526E+4	1.10209E+3
2.57627E+4	1.10146E+3
2.57728E+4	1.10053E+3
2.57829E+4	1.09998E+3
2.57930E+4	1.09925E+3
2.58031E+4	1.09851E+3
2.58132E+4	1.09798E+3
2.58233E+4	1.09722E+3
2.58335E+4	1.09657E+3
2.58436E+4	1.09607E+3
2.58537E+4	1.09543E+3
2.58638E+4	1.09494E+3
2.58739E+4	1.09433E+3
2.58840E+4	1.09367E+3
2.58941E+4	1.09314E+3
2.59042E+4	1.09248E+3
2.59143E+4	1.09194E+3
2.59245E+4	1.09101E+3
2.59346E+4	1.09063E+3
2.59447E+4	1.09003E+3
2.59548E+4	1.08923E+3
2.59649E+4	1.08824E+3
2.59750E+4	1.08757E+3
2.59851E+4	1.08703E+3
2.59952E+4	1.08647E+3
2.60053E+4	1.08576E+3
2.60154E+4	1.08524E+3
2.60256E+4	1.08470E+3
2.60357E+4	1.08392E+3
2.60458E+4	1.08335E+3
2.60559E+4	1.08275E+3
2.60660E+4	1.08187E+3
2.60761E+4	1.08144E+3
2.60862E+4	1.08082E+3
2.60963E+4	1.07993E+3
2.61064E+4	1.07908E+3
2.61165E+4	1.07859E+3
2.61267E+4	1.07823E+3
2.61368E+4	1.07742E+3
2.61469E+4	1.07685E+3
2.61570E+4	1.07616E+3
2.61671E+4	1.07572E+3
2.61772E+4	1.07517E+3
2.61873E+4	1.07436E+3
2.61974E+4	1.07365E+3
2.62075E+4	1.07303E+3
2.62177E+4	1.07255E+3
2.62278E+4	1.07189E+3
2.62379E+4	1.07097E+3
2.62480E+4	1.07043E+3
2.62581E+4	1.06993E+3
2.62682E+4	1.06929E+3
2.62783E+4	1.06853E+3
2.62884E+4	1.06782E+3
2.62985E+4	1.06698E+3
2.63086E+4	1.06607E+3
2.63188E+4	1.06537E+3
2.63289E+4	1.06490E+3
2.63390E+4	1.06445E+3
2.63491E+4	1.06375E+3
2.63592E+4	1.06321E+3
2.63693E+4	1.06278E+3
2.63794E+4	1.06208E+3
2.63895E+4	1.06141E+3
2.63996E+4	1.06072E+3
2.64097E+4	1.05999E+3
2.64199E+4	1.05940E+3
2.64300E+4	1.05888E+3
2.64401E+4	1.05839E+3
2.64502E+4	1.05756E+3
2.64603E+4	1.05684E+3
2.64704E+4	1.05621E+3
2.64805E+4	1.05552E+3
2.64906E+4	1.05496E+3
2.65007E+4	1.05443E+3
2.65109E+4	1.05392E+3
2.65210E+4	1.05321E+3
2.65311E+4	1.05247E+3
2.65412E+4	1.05162E+3
2.65513E+4	1.05100E+3
2.65614E+4	1.05051E+3
2.65715E+4	1.04970E+3
2.65816E+4	1.04915E+3
2.65917E+4	1.04884E+3
2.66018E+4	1.04838E+3
2.66120E+4	1.04748E+3
2.66221E+4	1.04668E+3
2.66322E+4	1.04604E+3
2.66423E+4	1.04550E+3
2.66524E+4	1.04477E+3
2.66625E+4	1.04396E+3
2.66726E+4	1.04325E+3
2.66827E+4	1.04257E+3
2.66928E+4	1.04200E+3
2.67030E+4	1.04146E+3
2.67131E+4	1.04069E+3
2.67232E+4	1.03995E+3
2.67333E+4	1.03918E+3
2.67434E+4	1.03824E+3
2.67535E+4	1.03766E+3
2.67636E+4	1.03721E+3
2.67737E+4	1.03669E+3
2.67838E+4	1.03610E+3
2.67939E+4	1.03571E+3
2.68041E+4	1.03527E+3
2.68142E+4	1.03445E+3
2.68243E+4	1.03370E+3
2.68344E+4	1.03270E+3
2.68445E+4	1.03196E+3
2.68546E+4	1.03137E+3
2.68647E+4	1.03096E+3
2.68748E+4	1.03041E+3
2.68849E+4	1.03002E+3
2.68950E+4	1.02944E+3
2.69052E+4	1.02864E+3
2.69153E+4	1.02785E+3
2.69254E+4	1.02714E+3
2.69355E+4	1.02636E+3
2.69456E+4	1.02576E+3
2.69557E+4	1.02509E+3
2.69658E+4	1.02439E+3
2.69759E+4	1.02375E+3
2.69860E+4	1.02322E+3
2.69962E+4	1.02275E+3
2.70063E+4	1.02223E+3
2.70164E+4	1.02160E+3
2.70265E+4	1.02081E+3
2.70366E+4	1.02010E+3
2.70467E+4	1.01957E+3
2.70568E+4	1.01899E+3
2.70669E+4	1.01835E+3
2.70770E+4	1.01760E+3
2.70872E+4	1.01696E+3
2.70973E+4	1.01659E+3
2.71074E+4	1.01596E+3
2.71175E+4	1.01508E+3
2.71276E+4	1.01428E+3
2.71377E+4	1.01378E+3
2.71478E+4	1.01328E+3
2.71579E+4	1.01269E+3
2.71680E+4	1.01196E+3
2.71781E+4	1.01104E+3
2.71883E+4	1.01040E+3
2.71984E+4	1.00965E+3
2.72085E+4	1.00896E+3
2.72186E+4	1.00842E+3
2.72287E+4	1.00772E+3
2.72388E+4	1.00693E+3
2.72489E+4	1.00639E+3
2.72590E+4	1.00578E+3
2.72691E+4	1.00523E+3
2.72792E+4	1.00459E+3
2.72894E+4	1.00398E+3
2.72995E+4	1.00342E+3
2.73096E+4	1.00278E+3
2.73197E+4	1.00199E+3
2.73298E+4	1.00121E+3
2.73399E+4	1.00069E+3
2.73500E+4	1.00008E+3
2.73601E+4	9.99564E+2
2.73702E+4	9.99025E+2
2.73804E+4	9.98141E+2
2.73905E+4	9.97388E+2
2.74006E+4	9.96696E+2
2.74107E+4	9.95983E+2
2.74208E+4	9.95395E+2
2.74309E+4	9.94833E+2
2.74410E+4	9.94321E+2
2.74511E+4	9.93689E+2
2.74612E+4	9.92957E+2
2.74713E+4	9.92252E+2
2.74815E+4	9.91556E+2
2.74916E+4	9.90780E+2
2.75017E+4	9.90005E+2
2.75118E+4	9.89397E+2
2.75219E+4	9.88833E+2
2.75320E+4	9.88141E+2
2.75421E+4	9.87547E+2
2.75522E+4	9.86946E+2
2.75623E+4	9.86308E+2
2.75725E+4	9.85767E+2
2.75826E+4	9.85166E+2
2.75927E+4	9.84469E+2
2.76028E+4	9.83915E+2
2.76129E+4	9.83358E+2
2.76230E+4	9.82734E+2
2.76331E+4	9.82007E+2
2.76432E+4	9.81430E+2
2.76533E+4	9.80806E+2
2.76634E+4	9.80172E+2
2.76736E+4	9.79579E+2
2.76837E+4	9.78905E+2
2.76938E+4	9.78265E+2
2.77039E+4	9.77436E+2
2.77140E+4	9.76666E+2
2.77241E+4	9.76089E+2
2.77342E+4	9.75636E+2
2.77443E+4	9.74936E+2
2.77544E+4	9.74397E+2
2.77645E+4	9.73817E+2
2.77747E+4	9.73015E+2
2.77848E+4	9.72279E+2
2.77949E+4	9.71723E+2
2.78050E+4	9.71243E+2
2.78151E+4	9.70424E+2
2.78252E+4	9.69736E+2
2.78353E+4	9.69054E+2
2.78454E+4	9.68498E+2
2.78555E+4	9.67955E+2
2.78656E+4	9.67140E+2
2.78758E+4	9.66306E+2
2.78859E+4	9.65727E+2
2.78960E+4	9.65331E+2
2.79061E+4	9.64699E+2
2.79162E+4	9.64087E+2
2.79263E+4	9.63473E+2
2.79364E+4	9.62854E+2
2.79465E+4	9.61977E+2
2.79566E+4	9.61113E+2
2.79667E+4	9.60293E+2
2.79768E+4	9.59838E+2
2.79869E+4	9.59297E+2
2.79971E+4	9.58656E+2
2.80072E+4	9.58065E+2
2.80173E+4	9.57680E+2
2.80274E+4	9.57192E+2
2.80375E+4	9.56361E+2
2.80476E+4	9.55574E+2
2.80577E+4	9.54771E+2
2.80678E+4	9.54161E+2
2.80779E+4	9.53683E+2
2.80880E+4	9.52950E+2
2.80981E+4	9.52220E+2
2.81083E+4	9.51716E+2
2.81184E+4	9.51119E+2
2.81285E+4	9.50380E+2
2.81386E+4	9.49608E+2
2.81487E+4	9.49090E+2
2.81588E+4	9.48487E+2
2.81689E+4	9.47682E+2
2.81790E+4	9.46850E+2
2.81891E+4	9.46141E+2
2.81992E+4	9.45648E+2
2.82093E+4	9.45028E+2
2.82194E+4	9.44319E+2
2.82296E+4	9.43803E+2
2.82397E+4	9.43173E+2
2.82498E+4	9.42558E+2
2.82599E+4	9.41839E+2
2.82700E+4	9.41071E+2
2.82801E+4	9.40595E+2
2.82902E+4	9.39982E+2
2.83003E+4	9.39201E+2
2.83104E+4	9.38503E+2
2.83205E+4	9.37799E+2
2.83307E+4	9.37147E+2
2.83408E+4	9.36595E+2
2.83509E+4	9.35910E+2
2.83610E+4	9.35252E+2
2.83711E+4	9.34600E+2
2.83812E+4	9.33847E+2
2.83913E+4	9.33189E+2
2.84014E+4	9.32548E+2
2.84115E+4	9.31913E+2
2.84216E+4	9.31176E+2
2.84317E+4	9.30479E+2
2.84418E+4	9.29897E+2
2.84520E+4	9.29319E+2
2.84621E+4	9.28685E+2
2.84722E+4	9.28044E+2
2.84823E+4	9.27351E+2
2.84924E+4	9.26776E+2
2.85025E+4	9.26093E+2
2.85126E+4	9.25422E+2
2.85227E+4	9.24637E+2
2.85328E+4	9.23887E+2
2.85429E+4	9.23214E+2
2.85530E+4	9.22574E+2
2.85632E+4	9.21977E+2
2.85733E+4	9.21304E+2
2.85834E+4	9.20670E+2
2.85935E+4	9.20063E+2
2.86036E+4	9.19341E+2
2.86137E+4	9.18813E+2
2.86238E+4	9.18325E+2
2.86339E+4	9.17659E+2
2.86440E+4	9.17075E+2
2.86542E+4	9.16475E+2
2.86643E+4	9.15852E+2
2.86744E+4	9.15176E+2
2.86845E+4	9.14345E+2
2.86946E+4	9.13660E+2
2.87047E+4	9.13011E+2
2.87148E+4	9.12322E+2
2.87249E+4	9.11604E+2
2.87350E+4	9.10866E+2
2.87452E+4	9.10283E+2
2.87553E+4	9.09743E+2
2.87654E+4	9.09081E+2
2.87755E+4	9.08435E+2
2.87856E+4	9.07898E+2
2.87957E+4	9.07358E+2
2.88058E+4	9.06732E+2
2.88159E+4	9.06150E+2
2.88260E+4	9.05403E+2
2.88361E+4	9.04645E+2
2.88463E+4	9.04011E+2
2.88564E+4	9.03237E+2
2.88665E+4	9.02473E+2
2.88766E+4	9.01766E+2
2.88867E+4	9.01240E+2
2.88968E+4	9.00753E+2
2.89069E+4	9.00006E+2
2.89170E+4	8.99269E+2
2.89271E+4	8.98549E+2
2.89372E+4	8.97944E+2
2.89474E+4	8.97405E+2
2.89575E+4	8.96675E+2
2.89676E+4	8.96021E+2
2.89777E+4	8.95419E+2
2.89878E+4	8.94811E+2
2.89979E+4	8.94167E+2
2.90080E+4	8.93420E+2
2.90181E+4	8.92792E+2
2.90282E+4	8.92059E+2
2.90384E+4	8.91277E+2
2.90485E+4	8.90597E+2
2.90586E+4	8.89944E+2
2.90687E+4	8.89329E+2
2.90788E+4	8.88833E+2
2.90889E+4	8.88321E+2
2.90990E+4	8.87608E+2
2.91091E+4	8.86899E+2
2.91192E+4	8.86367E+2
2.91293E+4	8.85933E+2
2.91395E+4	8.85302E+2
2.91496E+4	8.84544E+2
2.91597E+4	8.83763E+2
2.91698E+4	8.82981E+2
2.91799E+4	8.82338E+2
2.91900E+4	8.81721E+2
2.92001E+4	8.81051E+2
2.92102E+4	8.80569E+2
2.92203E+4	8.79958E+2
2.92304E+4	8.79236E+2
2.92406E+4	8.78455E+2
2.92507E+4	8.77635E+2
2.92608E+4	8.76900E+2
2.92709E+4	8.76251E+2
2.92810E+4	8.75670E+2
2.92911E+4	8.75253E+2
2.93012E+4	8.74748E+2
2.93113E+4	8.74145E+2
2.93214E+4	8.73443E+2
2.93316E+4	8.72623E+2
2.93417E+4	8.71689E+2
2.93518E+4	8.70885E+2
2.93619E+4	8.70246E+2
2.93720E+4	8.69689E+2
2.93821E+4	8.69161E+2
2.93922E+4	8.68581E+2
2.94023E+4	8.67955E+2
2.94124E+4	8.67247E+2
2.94225E+4	8.66670E+2
2.94327E+4	8.66057E+2
2.94428E+4	8.65405E+2
2.94529E+4	8.64763E+2
2.94630E+4	8.64166E+2
2.94731E+4	8.63409E+2
2.94832E+4	8.62659E+2
2.94933E+4	8.61909E+2
2.95034E+4	8.61267E+2
2.95135E+4	8.60582E+2
2.95236E+4	8.59878E+2
2.95338E+4	8.59275E+2
2.95439E+4	8.58732E+2
2.95540E+4	8.58155E+2
2.95641E+4	8.57477E+2
2.95742E+4	8.56793E+2
2.95843E+4	8.56151E+2
2.95944E+4	8.55555E+2
2.96045E+4	8.54988E+2
2.96146E+4	8.54396E+2
2.96248E+4	8.53640E+2
2.96349E+4	8.52991E+2
2.96450E+4	8.52386E+2
2.96551E+4	8.51675E+2
2.96652E+4	8.50889E+2
2.96753E+4	8.50134E+2
2.96854E+4	8.49446E+2
2.96955E+4	8.48775E+2
2.97056E+4	8.48088E+2
2.97157E+4	8.47404E+2
2.97259E+4	8.46808E+2
2.97360E+4	8.46236E+2
2.97461E+4	8.45594E+2
2.97562E+4	8.44943E+2
2.97663E+4	8.44207E+2
2.97764E+4	8.43421E+2
2.97865E+4	8.42620E+2
2.97966E+4	8.41900E+2
2.98067E+4	8.41298E+2
2.98169E+4	8.40804E+2
2.98270E+4	8.40251E+2
2.98371E+4	8.39495E+2
2.98472E+4	8.38723E+2
2.98573E+4	8.37983E+2
2.98674E+4	8.37438E+2
2.98775E+4	8.36855E+2
2.98876E+4	8.36181E+2
2.98977E+4	8.35491E+2
2.99078E+4	8.34916E+2
2.99180E+4	8.34359E+2
2.99281E+4	8.33712E+2
2.99382E+4	8.32930E+2
2.99483E+4	8.32180E+2
2.99584E+4	8.31527E+2
2.99685E+4	8.30771E+2
2.99786E+4	8.30077E+2
2.99887E+4	8.29547E+2
2.99988E+4	8.28998E+2
3.00090E+4	8.28354E+2
3.00191E+4	8.27739E+2
3.00292E+4	8.27182E+2
3.00393E+4	8.26562E+2
3.00494E+4	8.25852E+2
3.00595E+4	8.25309E+2
3.00696E+4	8.24691E+2
3.00797E+4	8.23984E+2
3.00898E+4	8.23222E+2
3.00999E+4	8.22496E+2
3.01101E+4	8.21884E+2
3.01202E+4	8.21335E+2
3.01303E+4	8.20730E+2
3.01404E+4	8.20112E+2
3.01505E+4	8.19356E+2
3.01606E+4	8.18633E+2
3.01707E+4	8.17907E+2
3.01808E+4	8.17286E+2
3.01909E+4	8.16687E+2
3.02010E+4	8.16042E+2
3.02112E+4	8.15336E+2
3.02213E+4	8.14639E+2
3.02314E+4	8.14014E+2
3.02415E+4	8.13321E+2
3.02516E+4	8.12722E+2
3.02617E+4	8.12107E+2
3.02718E+4	8.11518E+2
3.02819E+4	8.10827E+2
3.02920E+4	8.10229E+2
3.03022E+4	8.09696E+2
3.03123E+4	8.09146E+2
3.03224E+4	8.08423E+2
3.03325E+4	8.07703E+2
3.03426E+4	8.07088E+2
3.03527E+4	8.06401E+2
3.03628E+4	8.05592E+2
3.03729E+4	8.04780E+2
3.03830E+4	8.03998E+2
3.03931E+4	8.03261E+2
3.04033E+4	8.02590E+2
3.04134E+4	8.02035E+2
3.04235E+4	8.01416E+2
3.04336E+4	8.00695E+2
3.04437E+4	8.00044E+2
3.04538E+4	7.99386E+2
3.04639E+4	7.98787E+2
3.04740E+4	7.98168E+2
3.04841E+4	7.97563E+2
3.04942E+4	7.96776E+2
3.05044E+4	7.96161E+2
3.05145E+4	7.95542E+2
3.05246E+4	7.94880E+2
3.05347E+4	7.94219E+2
3.05448E+4	7.93590E+2
3.05549E+4	7.92908E+2
3.05650E+4	7.92194E+2
3.05751E+4	7.91500E+2
3.05852E+4	7.90753E+2
3.05953E+4	7.90203E+2
3.06055E+4	7.89649E+2
3.06156E+4	7.89059E+2
3.06257E+4	7.88404E+2
3.06358E+4	7.87798E+2
3.06459E+4	7.87240E+2
3.06560E+4	7.86549E+2
3.06661E+4	7.85812E+2
3.06762E+4	7.85002E+2
3.06863E+4	7.84310E+2
3.06964E+4	7.83619E+2
3.07066E+4	7.82973E+2
3.07167E+4	7.82392E+2
3.07268E+4	7.81766E+2
3.07369E+4	7.81130E+2
3.07470E+4	7.80572E+2
3.07571E+4	7.79959E+2
3.07672E+4	7.79171E+2
3.07773E+4	7.78351E+2
3.07874E+4	7.77656E+2
3.07975E+4	7.76915E+2
3.08077E+4	7.76219E+2
3.08178E+4	7.75622E+2
3.08279E+4	7.75080E+2
3.08380E+4	7.74453E+2
3.08481E+4	7.73708E+2
3.08582E+4	7.72987E+2
3.08683E+4	7.72260E+2
3.08784E+4	7.71529E+2
3.08885E+4	7.70775E+2
3.08987E+4	7.70053E+2
3.09088E+4	7.69470E+2
3.09189E+4	7.68882E+2
3.09290E+4	7.68241E+2
3.09391E+4	7.67610E+2
3.09492E+4	7.66986E+2
3.09593E+4	7.66358E+2
3.09694E+4	7.65743E+2
3.09795E+4	7.65069E+2
3.09896E+4	7.64435E+2
3.09998E+4	7.63931E+2
3.10099E+4	7.63240E+2
3.10200E+4	7.62504E+2
3.10301E+4	7.61856E+2
3.10402E+4	7.61159E+2
3.10503E+4	7.60455E+2
3.10604E+4	7.59819E+2
3.10705E+4	7.59184E+2
3.10806E+4	7.58525E+2
3.10907E+4	7.57792E+2
3.11009E+4	7.56992E+2
3.11110E+4	7.56216E+2
3.11211E+4	7.55472E+2
3.11312E+4	7.54892E+2
3.11413E+4	7.54319E+2
3.11514E+4	7.53682E+2
3.11615E+4	7.53129E+2
3.11716E+4	7.52480E+2
3.11817E+4	7.51854E+2
3.11919E+4	7.51234E+2
3.12020E+4	7.50591E+2
3.12121E+4	7.49916E+2
3.12222E+4	7.49195E+2
3.12323E+4	7.48460E+2
3.12424E+4	7.47778E+2
3.12525E+4	7.47199E+2
3.12626E+4	7.46549E+2
3.12727E+4	7.45802E+2
3.12828E+4	7.44995E+2
3.12930E+4	7.44120E+2
3.13031E+4	7.43346E+2
3.13132E+4	7.42683E+2
3.13233E+4	7.42123E+2
3.13334E+4	7.41624E+2
3.13435E+4	7.41106E+2
3.13536E+4	7.40496E+2
3.13637E+4	7.39906E+2
3.13738E+4	7.39210E+2
3.13840E+4	7.38582E+2
3.13941E+4	7.37853E+2
3.14042E+4	7.37096E+2
3.14143E+4	7.36371E+2
3.14244E+4	7.35696E+2
3.14345E+4	7.35043E+2
3.14446E+4	7.34354E+2
3.14547E+4	7.33675E+2
3.14648E+4	7.32993E+2
3.14749E+4	7.32278E+2
3.14851E+4	7.31602E+2
3.14952E+4	7.30943E+2
3.15053E+4	7.30353E+2
3.15154E+4	7.29753E+2
3.15255E+4	7.29153E+2
3.15356E+4	7.28530E+2
3.15457E+4	7.27913E+2
3.15558E+4	7.27283E+2
3.15659E+4	7.26584E+2
3.15761E+4	7.25899E+2
3.15862E+4	7.25164E+2
3.15963E+4	7.24462E+2
3.16064E+4	7.23885E+2
3.16165E+4	7.23291E+2
3.16266E+4	7.22635E+2
3.16367E+4	7.21998E+2
3.16468E+4	7.21382E+2
3.16569E+4	7.20692E+2
3.16670E+4	7.20010E+2
3.16772E+4	7.19311E+2
3.16873E+4	7.18582E+2
3.16974E+4	7.17893E+2
3.17075E+4	7.17269E+2
3.17176E+4	7.16646E+2
3.17277E+4	7.16065E+2
3.17378E+4	7.15467E+2
3.17479E+4	7.14939E+2
3.17580E+4	7.14252E+2
3.17681E+4	7.13556E+2
3.17783E+4	7.12900E+2
3.17884E+4	7.12227E+2
3.17985E+4	7.11538E+2
3.18086E+4	7.10841E+2
3.18187E+4	7.10106E+2
3.18288E+4	7.09367E+2
3.18389E+4	7.08703E+2
3.18490E+4	7.08079E+2
3.18591E+4	7.07487E+2
3.18692E+4	7.06870E+2
3.18794E+4	7.06252E+2
3.18895E+4	7.05598E+2
3.18996E+4	7.04908E+2
3.19097E+4	7.04254E+2
3.19198E+4	7.03629E+2
3.19299E+4	7.03019E+2
3.19400E+4	7.02361E+2
3.19501E+4	7.01700E+2
3.19602E+4	7.01079E+2
3.19704E+4	7.00438E+2
3.19805E+4	6.99754E+2
3.19906E+4	6.99060E+2
3.20007E+4	6.98356E+2
3.20108E+4	6.97652E+2
3.20209E+4	6.96869E+2
3.20310E+4	6.96151E+2
3.20411E+4	6.95483E+2
3.20512E+4	6.94835E+2
3.20613E+4	6.94190E+2
3.20715E+4	6.93564E+2
3.20816E+4	6.92959E+2
3.20917E+4	6.92376E+2
3.21018E+4	6.91770E+2
3.21119E+4	6.91154E+2
3.21220E+4	6.90522E+2
3.21321E+4	6.89857E+2
3.21422E+4	6.89152E+2
3.21523E+4	6.88520E+2
3.21625E+4	6.87742E+2
3.21726E+4	6.87083E+2
3.21827E+4	6.86461E+2
3.21928E+4	6.85864E+2
3.22029E+4	6.85148E+2
3.22130E+4	6.84519E+2
3.22231E+4	6.83840E+2
3.22332E+4	6.83181E+2
3.22433E+4	6.82544E+2
3.22534E+4	6.81908E+2
3.22636E+4	6.81225E+2
3.22737E+4	6.80479E+2
3.22838E+4	6.79697E+2
3.22939E+4	6.78879E+2
3.23040E+4	6.78150E+2
3.23141E+4	6.77493E+2
3.23242E+4	6.76876E+2
3.23343E+4	6.76292E+2
3.23444E+4	6.75710E+2
3.23545E+4	6.75086E+2
3.23647E+4	6.74466E+2
3.23748E+4	6.73859E+2
3.23849E+4	6.73102E+2
3.23950E+4	6.72465E+2
3.24051E+4	6.71774E+2
3.24152E+4	6.71137E+2
3.24253E+4	6.70486E+2
3.24354E+4	6.69808E+2
3.24455E+4	6.69167E+2
3.24556E+4	6.68526E+2
3.24658E+4	6.67908E+2
3.24759E+4	6.67260E+2
3.24860E+4	6.66595E+2
3.24961E+4	6.65940E+2
3.25062E+4	6.65269E+2
3.25163E+4	6.64571E+2
3.25264E+4	6.63907E+2
3.25365E+4	6.63129E+2
3.25466E+4	6.62504E+2
3.25567E+4	6.61852E+2
3.25669E+4	6.61167E+2
3.25770E+4	6.60476E+2
3.25871E+4	6.59817E+2
3.25972E+4	6.59175E+2
3.26073E+4	6.58522E+2
3.26174E+4	6.57890E+2
3.26275E+4	6.57251E+2
3.26376E+4	6.56562E+2
3.26477E+4	6.55883E+2
3.26578E+4	6.55221E+2
3.26680E+4	6.54594E+2
3.26781E+4	6.53948E+2
3.26882E+4	6.53282E+2
3.26983E+4	6.52580E+2
3.27084E+4	6.51894E+2
3.27185E+4	6.51208E+2
3.27286E+4	6.50592E+2
3.27387E+4	6.49962E+2
3.27488E+4	6.49342E+2
3.27589E+4	6.48668E+2
3.27691E+4	6.48112E+2
3.27792E+4	6.47505E+2
3.27893E+4	6.46835E+2
3.27994E+4	6.46192E+2
3.28095E+4	6.45555E+2
3.28196E+4	6.44914E+2
3.28297E+4	6.44274E+2
3.28398E+4	6.43624E+2
3.28499E+4	6.42950E+2
3.28600E+4	6.42289E+2
3.28702E+4	6.41639E+2
3.28803E+4	6.40968E+2
3.28904E+4	6.40314E+2
3.29005E+4	6.39660E+2
3.29106E+4	6.38996E+2
3.29207E+4	6.38362E+2
3.29308E+4	6.37788E+2
3.29409E+4	6.37141E+2
3.29510E+4	6.36475E+2
3.29611E+4	6.35905E+2
3.29713E+4	6.35257E+2
3.29814E+4	6.34589E+2
3.29915E+4	6.33921E+2
3.30016E+4	6.33220E+2
3.30117E+4	6.32545E+2
3.30218E+4	6.31877E+2
3.30319E+4	6.31216E+2
3.30420E+4	6.30591E+2
3.30521E+4	6.29973E+2
3.30622E+4	6.29344E+2
3.30724E+4	6.28773E+2
3.30825E+4	6.28084E+2
3.30926E+4	6.27432E+2
3.31027E+4	6.26847E+2
3.31128E+4	6.26205E+2
3.31229E+4	6.25573E+2
3.31330E+4	6.24948E+2
3.31431E+4	6.24325E+2
3.31532E+4	6.23680E+2
3.31634E+4	6.23041E+2
3.31735E+4	6.22412E+2
3.31836E+4	6.21773E+2
3.31937E+4	6.21130E+2
3.32038E+4	6.20464E+2
3.32139E+4	6.19782E+2
3.32240E+4	6.19136E+2
3.32341E+4	6.18476E+2
3.32442E+4	6.17810E+2
3.32544E+4	6.17174E+2
3.32645E+4	6.16538E+2
3.32746E+4	6.15962E+2
3.32847E+4	6.15346E+2
3.32948E+4	6.14746E+2
3.33049E+4	6.14055E+2
3.33150E+4	6.13452E+2
3.33251E+4	6.12913E+2
3.33352E+4	6.12266E+2
3.33453E+4	6.11552E+2
3.33555E+4	6.10925E+2
3.33656E+4	6.10282E+2
3.33757E+4	6.09651E+2
3.33858E+4	6.09044E+2
3.33959E+4	6.08414E+2
3.34060E+4	6.07803E+2
3.34161E+4	6.07176E+2
3.34262E+4	6.06505E+2
3.34363E+4	6.05855E+2
3.34464E+4	6.05224E+2
3.34566E+4	6.04576E+2
3.34667E+4	6.03942E+2
3.34768E+4	6.03301E+2
3.34869E+4	6.02643E+2
3.34970E+4	6.02009E+2
3.35071E+4	6.01384E+2
3.35172E+4	6.00769E+2
3.35273E+4	6.00161E+2
3.35374E+4	5.99557E+2
3.35475E+4	5.98932E+2
3.35577E+4	5.98340E+2
3.35678E+4	5.97749E+2
3.35779E+4	5.97123E+2
3.35880E+4	5.96508E+2
3.35981E+4	5.95822E+2
3.36082E+4	5.95180E+2
3.36183E+4	5.94548E+2
3.36284E+4	5.93926E+2
3.36385E+4	5.93283E+2
3.36487E+4	5.92587E+2
3.36588E+4	5.91944E+2
3.36689E+4	5.91291E+2
3.36790E+4	5.90665E+2
3.36891E+4	5.90036E+2
3.36992E+4	5.89322E+2
3.37093E+4	5.88692E+2
3.37194E+4	5.88069E+2
3.37295E+4	5.87430E+2
3.37396E+4	5.86796E+2
3.37498E+4	5.86095E+2
3.37599E+4	5.85472E+2
3.37700E+4	5.84838E+2
3.37801E+4	5.84225E+2
3.37902E+4	5.83526E+2
3.38003E+4	5.82893E+2
3.38104E+4	5.82265E+2
3.38205E+4	5.81628E+2
3.38306E+4	5.81014E+2
3.38407E+4	5.80390E+2
3.38509E+4	5.79670E+2
3.38610E+4	5.79026E+2
3.38711E+4	5.78317E+2
3.38812E+4	5.77658E+2
3.38913E+4	5.77030E+2
3.39014E+4	5.76405E+2
3.39115E+4	5.75705E+2
3.39216E+4	5.75100E+2
3.39317E+4	5.74492E+2
3.39418E+4	5.73867E+2
3.39520E+4	5.73258E+2
3.39621E+4	5.72561E+2
3.39722E+4	5.71868E+2
3.39823E+4	5.71090E+2
3.39924E+4	5.70346E+2
3.40025E+4	5.69531E+2
3.40126E+4	5.68729E+2
3.40227E+4	5.67931E+2
3.40328E+4	5.67034E+2
3.40430E+4	5.66235E+2
3.40531E+4	5.65443E+2
3.40632E+4	5.64572E+2
3.40733E+4	5.63810E+2
3.40834E+4	5.63041E+2
3.40935E+4	5.62216E+2
3.41036E+4	5.61460E+2
3.41137E+4	5.60714E+2
3.41238E+4	5.59957E+2
3.41339E+4	5.59227E+2
3.41441E+4	5.58449E+2
3.41542E+4	5.57716E+2
3.41643E+4	5.56934E+2
3.41744E+4	5.56227E+2
3.41845E+4	5.55513E+2
3.41946E+4	5.54796E+2
3.42047E+4	5.54027E+2
3.42148E+4	5.53329E+2
3.42249E+4	5.52611E+2
3.42350E+4	5.51930E+2
3.42452E+4	5.51232E+2
3.42553E+4	5.50468E+2
3.42654E+4	5.49787E+2
3.42755E+4	5.49108E+2
3.42856E+4	5.48410E+2
3.42957E+4	5.47672E+2
3.43058E+4	5.46990E+2
3.43159E+4	5.46297E+2
3.43260E+4	5.45615E+2
3.43361E+4	5.44884E+2
3.43463E+4	5.44190E+2
3.43564E+4	5.43527E+2
3.43665E+4	5.42864E+2
3.43766E+4	5.42167E+2
3.43867E+4	5.41497E+2
3.43968E+4	5.40840E+2
3.44069E+4	5.40176E+2
3.44170E+4	5.39460E+2
3.44271E+4	5.38796E+2
3.44373E+4	5.38121E+2
3.44474E+4	5.37477E+2
3.44575E+4	5.36816E+2
3.44676E+4	5.36151E+2
3.44777E+4	5.35496E+2
3.44878E+4	5.34786E+2
3.44979E+4	5.34130E+2
3.45080E+4	5.33492E+2
3.45181E+4	5.32850E+2
3.45282E+4	5.32191E+2
3.45384E+4	5.31542E+2
3.45485E+4	5.30906E+2
3.45586E+4	5.30260E+2
3.45687E+4	5.29637E+2
3.45788E+4	5.28998E+2
3.45889E+4	5.28355E+2
3.45990E+4	5.27725E+2
3.46091E+4	5.27098E+2
3.46192E+4	5.26465E+2
3.46294E+4	5.25841E+2
3.46395E+4	5.25159E+2
3.46496E+4	5.24521E+2
3.46597E+4	5.23908E+2
3.46698E+4	5.23287E+2
3.46799E+4	5.22663E+2
3.46900E+4	5.22056E+2
3.47001E+4	5.21448E+2
3.47102E+4	5.20830E+2
3.47203E+4	5.20223E+2
3.47305E+4	5.19618E+2
3.47406E+4	5.19000E+2
3.47507E+4	5.18412E+2
3.47608E+4	5.17818E+2
3.47709E+4	5.17209E+2
3.47810E+4	5.16611E+2
3.47911E+4	5.16019E+2
3.48012E+4	5.15414E+2
3.48113E+4	5.14769E+2
3.48214E+4	5.14191E+2
3.48316E+4	5.13606E+2
3.48417E+4	5.13013E+2
3.48518E+4	5.12435E+2
3.48619E+4	5.11863E+2
3.48720E+4	5.11270E+2
3.48821E+4	5.10701E+2
3.48922E+4	5.10132E+2
3.49023E+4	5.09539E+2
3.49124E+4	5.08970E+2
3.49226E+4	5.08411E+2
3.49327E+4	5.07838E+2
3.49428E+4	5.07282E+2
3.49529E+4	5.06712E+2
3.49630E+4	5.06146E+2
3.49731E+4	5.05586E+2
3.49832E+4	5.05030E+2
3.49933E+4	5.04404E+2
3.50034E+4	5.03914E+2
3.50135E+4	5.03371E+2
3.50237E+4	5.02748E+2
3.50338E+4	5.02202E+2
3.50439E+4	5.01728E+2
3.50540E+4	5.01101E+2
3.50641E+4	5.00565E+2
3.50742E+4	5.00025E+2
3.50843E+4	4.99474E+2
3.50944E+4	4.98934E+2
3.51045E+4	4.98411E+2
3.51146E+4	4.97861E+2
3.51248E+4	4.97337E+2
3.51349E+4	4.96811E+2
3.51450E+4	4.96270E+2
3.51551E+4	4.95750E+2
3.51652E+4	4.95223E+2
3.51753E+4	4.94689E+2
3.51854E+4	4.94151E+2
3.51955E+4	4.93638E+2
3.52056E+4	4.93107E+2
3.52158E+4	4.92534E+2
3.52259E+4	4.92076E+2
3.52360E+4	4.91549E+2
3.52461E+4	4.90975E+2
3.52562E+4	4.90465E+2
3.52663E+4	4.89944E+2
3.52764E+4	4.89507E+2
3.52865E+4	4.88989E+2
3.52966E+4	4.88412E+2
3.53067E+4	4.87904E+2
3.53169E+4	4.87467E+2
3.53270E+4	4.86893E+2
3.53371E+4	4.86399E+2
3.53472E+4	4.85905E+2
3.53573E+4	4.85472E+2
3.53674E+4	4.84890E+2
3.53775E+4	4.84470E+2
3.53876E+4	4.83906E+2
3.53977E+4	4.83401E+2
3.54078E+4	4.82917E+2
3.54180E+4	4.82420E+2
3.54281E+4	4.81926E+2
3.54382E+4	4.81445E+2
3.54483E+4	4.80968E+2
3.54584E+4	4.80470E+2
3.54685E+4	4.80053E+2
3.54786E+4	4.79569E+2
3.54887E+4	4.79015E+2
3.54988E+4	4.78534E+2
3.55090E+4	4.78050E+2
3.55191E+4	4.77629E+2
3.55292E+4	4.77095E+2
3.55393E+4	4.76678E+2
3.55494E+4	4.76194E+2
3.55595E+4	4.75716E+2
3.55696E+4	4.75242E+2
3.55797E+4	4.74758E+2
3.55898E+4	4.74291E+2
3.55999E+4	4.73817E+2
3.56101E+4	4.73336E+2
3.56202E+4	4.72882E+2
3.56303E+4	4.72412E+2
3.56404E+4	4.71941E+2
3.56505E+4	4.71474E+2
3.56606E+4	4.71020E+2
3.56707E+4	4.70546E+2
3.56808E+4	4.70089E+2
3.56909E+4	4.69625E+2
3.57010E+4	4.69158E+2
3.57112E+4	4.68708E+2
3.57213E+4	4.68261E+2
3.57314E+4	4.67854E+2
3.57415E+4	4.67404E+2
3.57516E+4	4.66954E+2
3.57617E+4	4.66493E+2
3.57718E+4	4.66043E+2
3.57819E+4	4.65600E+2
3.57920E+4	4.65143E+2
3.58021E+4	4.64706E+2
3.58123E+4	4.64260E+2
3.58224E+4	4.63817E+2
3.58325E+4	4.63370E+2
3.58426E+4	4.62934E+2
3.58527E+4	4.62497E+2
3.58628E+4	4.62065E+2
3.58729E+4	4.61625E+2
3.58830E+4	4.61185E+2
3.58931E+4	4.60756E+2
3.59033E+4	4.60320E+2
3.59134E+4	4.59880E+2
3.59235E+4	4.59457E+2
3.59336E+4	4.59035E+2
3.59437E+4	4.58599E+2
3.59538E+4	4.58173E+2
3.59639E+4	4.57747E+2
3.59740E+4	4.57339E+2
3.59841E+4	4.56903E+2
3.59942E+4	4.56480E+2
3.60044E+4	4.56062E+2
3.60145E+4	4.55643E+2
3.60246E+4	4.55227E+2
3.60347E+4	4.54816E+2
3.60448E+4	4.54393E+2
3.60549E+4	4.53985E+2
3.60650E+4	4.53577E+2
3.60751E+4	4.53101E+2
3.60852E+4	4.52764E+2
3.60954E+4	4.52359E+2
3.61055E+4	4.51884E+2
3.61156E+4	4.51493E+2
3.61257E+4	4.51092E+2
3.61358E+4	4.50673E+2
3.61459E+4	4.50286E+2
3.61560E+4	4.49885E+2
3.61661E+4	4.49476E+2
3.61762E+4	4.49089E+2
3.61863E+4	4.48702E+2
3.61965E+4	4.48298E+2
3.62066E+4	4.47857E+2
3.62167E+4	4.47460E+2
3.62268E+4	4.47055E+2
3.62369E+4	4.46668E+2
3.62470E+4	4.46274E+2
3.62571E+4	4.45880E+2
3.62672E+4	4.45490E+2
3.62773E+4	4.45113E+2
3.62874E+4	4.44730E+2
3.62976E+4	4.44283E+2
3.63077E+4	4.43906E+2
3.63178E+4	4.43512E+2
3.63279E+4	4.43140E+2
3.63380E+4	4.42763E+2
3.63481E+4	4.42380E+2
3.63582E+4	4.42007E+2
3.63683E+4	4.41567E+2
3.63784E+4	4.41195E+2
3.63885E+4	4.40818E+2
3.63987E+4	4.40453E+2
3.64088E+4	4.40073E+2
3.64189E+4	4.39697E+2
3.64290E+4	4.39331E+2
3.64391E+4	4.38895E+2
3.64492E+4	4.38537E+2
3.64593E+4	4.38175E+2
3.64694E+4	4.37809E+2
3.64795E+4	4.37444E+2
3.64896E+4	4.37075E+2
3.64998E+4	4.36646E+2
3.65099E+4	4.36284E+2
3.65200E+4	4.35922E+2
3.65301E+4	4.35564E+2
3.65402E+4	4.35202E+2
3.65503E+4	4.34844E+2
3.65604E+4	4.34489E+2
3.65705E+4	4.34113E+2
3.65806E+4	4.33766E+2
3.65907E+4	4.33415E+2
3.66009E+4	4.32986E+2
3.66110E+4	4.32639E+2
3.66211E+4	4.32274E+2
3.66312E+4	4.31916E+2
3.66413E+4	4.31568E+2
3.66514E+4	4.31221E+2
3.66615E+4	4.30863E+2
3.66716E+4	4.30445E+2
3.66817E+4	4.30105E+2
3.66918E+4	4.29751E+2
3.67020E+4	4.29411E+2
3.67121E+4	4.29056E+2
3.67222E+4	4.28713E+2
3.67323E+4	4.28302E+2
3.67424E+4	4.27966E+2
3.67525E+4	4.27619E+2
3.67626E+4	4.27275E+2
3.67727E+4	4.26935E+2
3.67828E+4	4.26581E+2
3.67929E+4	4.26185E+2
3.68031E+4	4.25846E+2
3.68132E+4	4.25492E+2
3.68233E+4	4.25156E+2
3.68334E+4	4.24812E+2
3.68435E+4	4.24410E+2
3.68536E+4	4.24074E+2
3.68637E+4	4.23741E+2
3.68738E+4	4.23408E+2
3.68839E+4	4.23065E+2
3.68940E+4	4.22677E+2
3.69042E+4	4.22341E+2
3.69143E+4	4.22012E+2
3.69244E+4	4.21676E+2
3.69345E+4	4.21295E+2
3.69446E+4	4.20959E+2
3.69547E+4	4.20627E+2
3.69648E+4	4.20305E+2
3.69749E+4	4.19966E+2
3.69850E+4	4.19585E+2
3.69951E+4	4.19260E+2
3.70053E+4	4.18931E+2
3.70154E+4	4.18606E+2
3.70255E+4	4.18288E+2
3.70356E+4	4.17960E+2
3.70457E+4	4.17576E+2
3.70558E+4	4.17258E+2
3.70659E+4	4.16933E+2
3.70760E+4	4.16612E+2
3.70861E+4	4.16228E+2
3.70962E+4	4.15907E+2
3.71064E+4	4.15599E+2
3.71165E+4	4.15282E+2
3.71266E+4	4.14957E+2
3.71367E+4	4.14577E+2
3.71468E+4	4.14270E+2
3.71569E+4	4.13953E+2
3.71670E+4	4.13579E+2
3.71771E+4	4.13325E+2
3.71872E+4	4.12948E+2
3.71973E+4	4.12645E+2
3.72075E+4	4.12342E+2
3.72176E+4	4.12038E+2
3.72277E+4	4.11652E+2
3.72378E+4	4.11349E+2
3.72479E+4	4.11046E+2
3.72580E+4	4.10732E+2
3.72681E+4	4.10433E+2
3.72782E+4	4.10126E+2
3.72883E+4	4.09757E+2
3.72984E+4	4.09454E+2
3.73086E+4	4.09158E+2
3.73187E+4	4.08845E+2
3.73288E+4	4.08487E+2
3.73389E+4	4.08184E+2
3.73490E+4	4.07881E+2
3.73591E+4	4.07586E+2
3.73692E+4	4.07234E+2
3.73793E+4	4.06929E+2
3.73894E+4	4.06636E+2
3.73996E+4	4.06344E+2
3.74097E+4	4.06049E+2
3.74198E+4	4.05691E+2
3.74299E+4	4.05399E+2
3.74400E+4	4.05111E+2
3.74501E+4	4.04822E+2
3.74602E+4	4.04468E+2
3.74703E+4	4.04176E+2
3.74804E+4	4.03892E+2
3.74905E+4	4.03538E+2
3.75006E+4	4.03250E+2
3.75108E+4	4.02955E+2
3.75209E+4	4.02673E+2
3.75310E+4	4.02392E+2
3.75411E+4	4.02097E+2
3.75512E+4	4.01751E+2
3.75613E+4	4.01463E+2
3.75714E+4	4.01172E+2
3.75815E+4	4.00877E+2
3.75916E+4	4.00603E+2
3.76017E+4	4.00319E+2
3.76119E+4	3.99972E+2
3.76220E+4	3.99699E+2
3.76321E+4	3.99401E+2
3.76422E+4	3.99113E+2
3.76523E+4	3.98836E+2
3.76624E+4	3.98545E+2
3.76725E+4	3.98272E+2
3.76826E+4	3.97991E+2
3.76927E+4	3.97714E+2
3.77029E+4	3.97368E+2
3.77130E+4	3.97102E+2
3.77231E+4	3.96818E+2
3.77332E+4	3.96552E+2
3.77433E+4	3.96275E+2
3.77534E+4	3.95991E+2
3.77635E+4	3.95711E+2
3.77736E+4	3.95379E+2
3.77837E+4	3.95110E+2
3.77938E+4	3.94833E+2
3.78040E+4	3.94560E+2
3.78141E+4	3.94294E+2
3.78242E+4	3.94014E+2
3.78343E+4	3.93683E+2
3.78444E+4	3.93420E+2
3.78545E+4	3.93144E+2
3.78646E+4	3.92881E+2
3.78747E+4	3.92609E+2
3.78848E+4	3.92336E+2
3.78949E+4	3.92074E+2
3.79051E+4	3.91749E+2
3.79152E+4	3.91477E+2
3.79253E+4	3.91214E+2
3.79354E+4	3.90956E+2
3.79455E+4	3.90686E+2
3.79556E+4	3.90424E+2
3.79657E+4	3.90172E+2
3.79758E+4	3.89842E+2
3.79859E+4	3.89586E+2
3.79960E+4	3.89318E+2
3.80061E+4	3.89073E+2
3.80163E+4	3.88801E+2
3.80264E+4	3.88556E+2
3.80365E+4	3.88304E+2
3.80466E+4	3.88042E+2
3.80567E+4	3.87722E+2
3.80668E+4	3.87467E+2
3.80769E+4	3.87209E+2
3.80870E+4	3.86957E+2
3.80971E+4	3.86709E+2
3.81073E+4	3.86458E+2
3.81174E+4	3.86210E+2
3.81275E+4	3.85904E+2
3.81376E+4	3.85646E+2
3.81477E+4	3.85395E+2
3.81578E+4	3.85154E+2
3.81679E+4	3.84837E+2
3.81780E+4	3.84648E+2
3.81881E+4	3.84421E+2
3.81982E+4	3.84104E+2
3.82083E+4	3.83857E+2
3.82185E+4	3.83619E+2
3.82286E+4	3.83375E+2
3.82387E+4	3.83131E+2
3.82488E+4	3.82825E+2
3.82589E+4	3.82588E+2
3.82690E+4	3.82344E+2
3.82791E+4	3.82104E+2
3.82892E+4	3.81856E+2
3.82993E+4	3.81606E+2
3.83095E+4	3.81372E+2
3.83196E+4	3.81073E+2
3.83297E+4	3.80826E+2
3.83398E+4	3.80596E+2
3.83499E+4	3.80355E+2
3.83600E+4	3.80098E+2
3.83701E+4	3.79868E+2
3.83802E+4	3.79624E+2
3.83903E+4	3.79387E+2
3.84004E+4	3.79151E+2
3.84105E+4	3.78914E+2
3.84207E+4	3.78680E+2
3.84308E+4	3.78437E+2
3.84409E+4	3.78210E+2
3.84510E+4	3.77919E+2
3.84611E+4	3.77676E+2
3.84712E+4	3.77449E+2
3.84813E+4	3.77213E+2
3.84914E+4	3.76983E+2
3.85015E+4	3.76753E+2
3.85116E+4	3.76540E+2
3.85218E+4	3.76297E+2
3.85319E+4	3.76081E+2
3.85420E+4	3.75790E+2
3.85521E+4	3.75563E+2
3.85622E+4	3.75334E+2
3.85723E+4	3.75114E+2
3.85824E+4	3.74892E+2
3.85925E+4	3.74672E+2
3.86026E+4	3.74395E+2
3.86127E+4	3.74169E+2
3.86229E+4	3.73956E+2
3.86330E+4	3.73733E+2
3.86431E+4	3.73518E+2
3.86532E+4	3.73288E+2
3.86633E+4	3.73082E+2
3.86734E+4	3.72805E+2
3.86835E+4	3.72579E+2
3.86936E+4	3.72360E+2
3.87037E+4	3.72155E+2
